3.872680735715e-01 0.000000000000e+00
3.872680735715e-01 0.000000000000e+00
3.872680735715e-01 0.000000000000e+00
3.872680735715e-01 0.000000000000e+00
3.872680735715e-01 0.000000000000e+00
3.872680735715e-01 0.000000000000e+00
3.872680735715e-01 0.000000000000e+00
3.872680735715e-01 0.000000000000e+00
3.872680735715e-01 0.000000000000e+00
3.872680735715e-01 7.444392177504e-02
3.872680735715e-01 2.043279129776e-01
3.872680735715e-01 3.256690400728e-01
3.872680735715e-01 4.248905972925e-01
3.872680735715e-01 5.032656948307e-01
3.872680735715e-01 5.649524926232e-01
3.872680735715e-01 6.138418277520e-01
3.872680735715e-01 6.529837416146e-01
3.872680735715e-01 6.846571369210e-01
3.872680735715e-01 7.105487531336e-01
3.872680735715e-01 7.319127193795e-01
3.872680735715e-01 7.496906151134e-01
3.872680735715e-01 7.645974616264e-01
3.872680735715e-01 7.771825832214e-01
3.872680735715e-01 7.878727882589e-01
3.872680735715e-01 7.970032596995e-01
3.872680735715e-01 8.048398850786e-01
3.872680735715e-01 8.115955775482e-01
3.872680735715e-01 8.174423365200e-01
3.872680735715e-01 8.225202549938e-01
3.872680735715e-01 8.269443150042e-01
3.872680735715e-01 8.308095639254e-01
3.872680735715e-01 8.341950936285e-01
3.872680735715e-01 8.371671260364e-01
3.872680735715e-01 8.397814255968e-01
3.872680735715e-01 8.420852003992e-01
3.872680735715e-01 8.441186116136e-01
3.872680735715e-01 8.459159805734e-01
3.872680735715e-01 8.475067607132e-01
3.872680735715e-01 8.489163253253e-01
3.872680735715e-01 8.501666100655e-01
8.145125162855e-01 8.512766401563e-01
8.145125162855e-01 8.522629654812e-01
8.145125162855e-01 8.531400216474e-01
8.145125162855e-01 8.566217173898e-01
8.145125162855e-01 8.624157616587e-01
8.145125162855e-01 8.683630886784e-01
8.145125162855e-01 8.738049751553e-01
8.145125162855e-01 8.786031954690e-01
8.145125162855e-01 8.827844283160e-01
8.145125162855e-01 8.864188588526e-01
8.145125162855e-01 8.895808630408e-01
8.145125162855e-01 8.923375896847e-01
8.145125162855e-01 8.947467164808e-01
8.145125162855e-01 8.968570116824e-01
8.145125162855e-01 8.987095826381e-01
8.145125162855e-01 9.003391421079e-01
8.145125162855e-01 9.017751100475e-01
8.145125162855e-01 9.030425256854e-01
8.145125162855e-01 9.041627903006e-01
8.145125162855e-01 9.051542701099e-01
8.145125162855e-01 9.060327866206e-01
8.145125162855e-01 9.068120171657e-01
8.145125162855e-01 9.075038237598e-01
8.145125162855e-01 9.081185245549e-01
8.145125162855e-01 9.086651191173e-01
8.145125162855e-01 9.091514763540e-01
8.145125162855e-01 9.095844920666e-01
8.145125162855e-01 9.099702216718e-01
8.145125162855e-01 9.103139925116e-01
8.145125162855e-01 9.106204993016e-01
8.145125162855e-01 9.108938855786e-01
8.145125162855e-01 9.111378134682e-01
8.145125162855e-01 9.113555236615e-01
8.145125162855e-01 9.115498871501e-01
8.145125162855e-01 9.117234499911e-01
8.145125162855e-01 9.118784721554e-01
8.145125162855e-01 9.120169613320e-01
8.145125162855e-01 9.121407024183e-01
8.145125162855e-01 9.122512833058e-01
8.145125162855e-01 9.123501174753e-01
-4.881387890727e-01 9.124384638346e-01
-4.881387890727e-01 9.125174441678e-01
-4.881387890727e-01 9.125880585074e-01
-4.881387890727e-01 8.952461696707e-01
-4.881387890727e-01 8.506755327791e-01
-4.881387890727e-01 7.798765841263e-01
-4.881387890727e-01 6.802606947997e-01
-4.881387890727e-01 5.491420274518e-01
-4.881387890727e-01 3.846521982412e-01
-4.881387890727e-01 1.861209266158e-01
-4.881387890727e-01 -4.576912689016e-02
-4.881387890727e-01 -3.089967964583e-01
-4.881387890727e-01 -6.003537244167e-01
-4.881387890727e-01 -9.156915748019e-01
-4.881387890727e-01 -1.250219900313e+00
-4.881387890727e-01 -1.598813362785e+00
-4.881387890727e-01 -1.956296198384e+00
-4.881387890727e-01 -2.317682834846e+00
-4.881387890727e-01 -2.678363977536e+00
-4.881387890727e-01 -3.034235943054e+00
-4.881387890727e-01 -3.381777047747e+00
-4.881387890727e-01 -3.718078532202e+00
-4.881387890727e-01 -4.040839209576e+00
-4.881387890727e-01 -4.348333271131e+00
-4.881387890727e-01 -4.639359965588e+00
-4.881387890727e-01 -4.913182613471e+00
-4.881387890727e-01 -5.169462945573e+00
-4.881387890727e-01 -5.408195286728e+00
-4.881387890727e-01 -5.629643776238e+00
-4.881387890727e-01 -5.834284691904e+00
-4.881387890727e-01 -6.022755046327e+00
-4.881387890727e-01 -6.195807943075e+00
-4.881387890727e-01 -6.354274691185e+00
-4.881387890727e-01 -6.499033346898e+00
-4.881387890727e-01 -6.630983148274e+00
-4.881387890727e-01 -6.751024200498e+00
-4.881387890727e-01 -6.860041730897e+00
-4.881387890727e-01 -6.958894241208e+00
-4.881387890727e-01 -7.048404923631e+00
-4.881387890727e-01 -7.129355763891e+00
-1.486279448255e-01 -7.202483819780e+00
-1.486279448255e-01 -7.268479231017e+00
-1.486279448255e-01 -7.327984581666e+00
-1.486279448255e-01 -6.991771644598e+00
-1.486279448255e-01 -6.323335709145e+00
-1.486279448255e-01 -5.648142534086e+00
-1.486279448255e-01 -5.055400686135e+00
-1.486279448255e-01 -4.555960945738e+00
-1.486279448255e-01 -4.139315721983e+00
-1.486279448255e-01 -3.791415199394e+00
-1.486279448255e-01 -3.499551406768e+00
-1.486279448255e-01 -3.253289547911e+00
-1.486279448255e-01 -3.044304933863e+00
-1.486279448255e-01 -2.865993778978e+00
-1.486279448255e-01 -2.713100809057e+00
-1.486279448255e-01 -2.581416547141e+00
-1.486279448255e-01 -2.467543439774e+00
-1.486279448255e-01 -2.368717883011e+00
-1.486279448255e-01 -2.282674952978e+00
-1.486279448255e-01 -2.207545127627e+00
-1.486279448255e-01 -2.141774891237e+00
-1.486279448255e-01 -2.084065228053e+00
-1.486279448255e-01 -2.033323599022e+00
-1.486279448255e-01 -1.988626155259e+00
-1.486279448255e-01 -1.949187782969e+00
-1.486279448255e-01 -1.914338185180e+00
-1.486279448255e-01 -1.883502651346e+00
-1.486279448255e-01 -1.856186493306e+00
-1.486279448255e-01 -1.831962368387e+00
-1.486279448255e-01 -1.810459891130e+00
-1.486279448255e-01 -1.791357070764e+00
-1.486279448255e-01 -1.774373214119e+00
-1.486279448255e-01 -1.759263011813e+00
-1.486279448255e-01 -1.745811585330e+00
-1.486279448255e-01 -1.733830318775e+00
-1.486279448255e-01 -1.723153334855e+00
-1.486279448255e-01 -1.713634502510e+00
-1.486279448255e-01 -1.705144885540e+00
-1.486279448255e-01 -1.697570558775e+00
-1.486279448255e-01 -1.690810732033e+00
1.013131766121e-02 -1.684776132975e+00
1.013131766121e-02 -1.679387608684e+00
1.013131766121e-02 -1.674574912789e+00
1.013131766121e-02 -1.563550532855e+00
1.013131766121e-02 -1.363702407470e+00
1.013131766121e-02 -1.163438233198e+00
1.013131766121e-02 -9.870045306028e-01
1.013131766121e-02 -8.374003808951e-01
1.013131766121e-02 -7.117480703170e-01
1.013131766121e-02 -6.061442621021e-01
1.013131766121e-02 -5.170187933095e-01
1.013131766121e-02 -4.414100785632e-01
1.013131766121e-02 -3.769328688318e-01
1.013131766121e-02 -3.216781236939e-01
1.013131766121e-02 -2.741139683050e-01
1.013131766121e-02 -2.330038136021e-01
1.013131766121e-02 -1.973423274548e-01
1.013131766121e-02 -1.663062176905e-01
1.013131766121e-02 -1.392164883788e-01
1.013131766121e-02 -1.155093840192e-01
1.013131766121e-02 -9.471387974422e-02
1.013131766121e-02 -7.643411576707e-02
1.013131766121e-02 -6.033558719219e-02
1.013131766121e-02 -4.613420576022e-02
1.013131766121e-02 -3.358757386061e-02
1.013131766121e-02 -2.248797504093e-02
1.013131766121e-02 -1.265670580264e-02
1.013131766121e-02 -3.939462700814e-03
1.013131766121e-02 3.797434745921e-03
1.013131766121e-02 1.067015493527e-02
1.013131766121e-02 1.677993075279e-02
1.013131766121e-02 2.221520506178e-02
1.013131766121e-02 2.705342638546e-02
1.013131766121e-02 3.136255914562e-02
1.013131766121e-02 3.520235971827e-02
1.013131766121e-02 3.862545935530e-02
1.013131766121e-02 4.167828701909e-02
1.013131766121e-02 4.440185887359e-02
1.013131766121e-02 4.683245618352e-02
1.013131766121e-02 4.900220940159e-02
2.770559318722e-01 5.093960304703e-02
2.770559318722e-01 5.266991342655e-02
2.770559318722e-01 5.421558918881e-02
2.770559318722e-01 1.109014890213e-01
2.770559318722e-01 2.108546985160e-01
2.770559318722e-01 3.072231396988e-01
2.770559318722e-01 3.887493962260e-01
2.770559318722e-01 4.552710347171e-01
2.770559318722e-01 5.092107418923e-01
2.770559318722e-01 5.531263763425e-01
2.770559318722e-01 5.891468120137e-01
2.770559318722e-01 6.189329291666e-01
2.770559318722e-01 6.437588741040e-01
2.770559318722e-01 6.646023822507e-01
2.770559318722e-01 6.822188317656e-01
2.770559318722e-01 6.971971392909e-01
2.770559318722e-01 7.100009066819e-01
2.770559318722e-01 7.209985879468e-01
2.770559318722e-01 7.304857044932e-01
2.770559318722e-01 7.387013338175e-01
2.770559318722e-01 7.458404597781e-01
2.770559318722e-01 7.520633103506e-01
2.770559318722e-01 7.575024832148e-01
2.770559318722e-01 7.622684319792e-01
2.770559318722e-01 7.664537264604e-01
2.770559318722e-01 7.701363880846e-01
2.770559318722e-01 7.733825216249e-01
2.770559318722e-01 7.762484072429e-01
2.770559318722e-01 7.787821753898e-01
2.770559318722e-01 7.810251569049e-01
2.770559318722e-01 7.830129784183e-01
2.770559318722e-01 7.847764566740e-01
2.770559318722e-01 7.863423330653e-01
2.770559318722e-01 7.877338803930e-01
2.770559318722e-01 7.889714068272e-01
2.770559318722e-01 7.900726766805e-01
2.770559318722e-01 7.910532634792e-01
2.770559318722e-01 7.919268476342e-01
2.770559318722e-01 7.927054685346e-01
2.770559318722e-01 7.933997389541e-01
4.790469768825e-01 7.940190281392e-01
4.790469768825e-01 7.945716187458e-01
4.790469768825e-01 7.950648418386e-01
4.790469768825e-01 7.999542418796e-01
4.790469768825e-01 8.087412124910e-01
4.790469768825e-01 8.178451962393e-01
4.790469768825e-01 8.261730343558e-01
4.790469768825e-01 8.334951585191e-01
4.790469768825e-01 8.398538000865e-01
4.790469768825e-01 8.453619083068e-01
4.790469768825e-01 8.501386348524e-01
4.790469768825e-01 8.542909073805e-01
4.790469768825e-01 8.579100042790e-01
4.790469768825e-01 8.610726405634e-01
4.790469768825e-01 8.638431111613e-01
4.790469768825e-01 8.662754184537e-01
4.790469768825e-01 8.684151021946e-01
4.790469768825e-01 8.703007414142e-01
4.790469768825e-01 8.719651685672e-01
4.790469768825e-01 8.734364484078e-01
4.790469768825e-01 8.747386691312e-01
4.790469768825e-01 8.758925847361e-01
4.790469768825e-01 8.769161394108e-01
4.790469768825e-01 8.778248980277e-01
4.790469768825e-01 8.786324015350e-01
4.790469768825e-01 8.793504619445e-01
4.790469768825e-01 8.799894084668e-01
4.790469768825e-01 8.805582939118e-01
4.790469768825e-01 8.810650685963e-01
4.790469768825e-01 8.815167275393e-01
4.790469768825e-01 8.819194355832e-01
4.790469768825e-01 8.822786341822e-01
4.790469768825e-01 8.825991328943e-01
4.790469768825e-01 8.828851880464e-01
4.790469768825e-01 8.831405706010e-01
4.790469768825e-01 8.833686248882e-01
4.790469768825e-01 8.835723195815e-01
4.790469768825e-01 8.837542920619e-01
4.790469768825e-01 8.839168871239e-01
4.790469768825e-01 8.840621908236e-01
-6.574595354765e-01 8.841920601408e-01
-6.574595354765e-01 8.843081490255e-01
-6.574595354765e-01 8.844119313077e-01
-6.574595354765e-01 8.619810771735e-01
-6.574595354765e-01 8.046285189183e-01
-6.574595354765e-01 7.141898653082e-01
-6.574595354765e-01 5.878864061349e-01
-6.574595354765e-01 4.228023778255e-01
-6.574595354765e-01 2.170244496879e-01
-6.574595354765e-01 -2.990850871526e-02
-6.574595354765e-01 -3.168398517094e-01
-6.574595354765e-01 -6.410349685448e-01
-6.574595354765e-01 -9.983818790820e-01
-6.574595354765e-01 -1.383700385300e+00
-6.574595354765e-01 -1.791104612359e+00
-6.574595354765e-01 -2.214370106401e+00
-6.574595354765e-01 -2.647268582444e+00
-6.574595354765e-01 -3.083846920853e+00
-6.574595354765e-01 -3.518639365811e+00
-6.574595354765e-01 -3.946811669332e+00
-6.574595354765e-01 -4.364242720037e+00
-6.574595354765e-01 -4.767553190991e+00
-6.574595354765e-01 -5.154092452886e+00
-6.574595354765e-01 -5.521895051462e+00
-6.574595354765e-01 -5.869617035064e+00
-6.574595354765e-01 -6.196460832118e+00
-6.574595354765e-01 -6.502095586200e+00
-6.574595354765e-01 -6.786578104795e+00
-6.574595354765e-01 -7.050278012643e+00
-6.574595354765e-01 -7.293809391247e+00
-6.574595354765e-01 -7.517970150002e+00
-6.574595354765e-01 -7.723689596121e+00
-6.574595354765e-01 -7.911984117385e+00
-6.574595354765e-01 -8.083920524026e+00
-6.574595354765e-01 -8.240586373783e+00
-6.574595354765e-01 -8.383066491136e+00
-6.574595354765e-01 -8.512424856766e+00
-6.574595354765e-01 -8.629691061575e+00
-6.574595354765e-01 -8.735850571424e+00
-6.574595354765e-01 -8.831838119808e+00
7.758724646530e-02 -8.918533625352e+00
7.758724646530e-02 -8.996760112284e+00
7.758724646530e-02 -9.067283190119e+00
7.758724646530e-02 -8.041745163862e+00
7.758724646530e-02 -6.280416677732e+00
7.758724646530e-02 -4.737194164929e+00
7.758724646530e-02 -3.560774249746e+00
7.758724646530e-02 -2.691917523213e+00
7.758724646530e-02 -2.049011196989e+00
7.758724646530e-02 -1.567151192723e+00
7.758724646530e-02 -1.200241749399e+00
7.758724646530e-02 -9.163965099612e-01
7.758724646530e-02 -6.935219340546e-01
7.758724646530e-02 -5.161296992499e-01
7.758724646530e-02 -3.731972670607e-01
7.758724646530e-02 -2.567557598332e-01
7.758724646530e-02 -1.609547691774e-01
7.758724646530e-02 -8.143607655870e-02
7.758724646530e-02 -1.490833639742e-02
7.758724646530e-02 4.114604569901e-02
7.758724646530e-02 8.867588159875e-02
7.758724646530e-02 1.292065379551e-01
7.758724646530e-02 1.639443609396e-01
7.758724646530e-02 1.938526460869e-01
7.758724646530e-02 2.197075594179e-01
7.758724646530e-02 2.421397583441e-01
7.758724646530e-02 2.616656938356e-01
7.758724646530e-02 2.787113850213e-01
7.758724646530e-02 2.936306454664e-01
7.758724646530e-02 3.067191799104e-01
7.758724646530e-02 3.182255789628e-01
7.758724646530e-02 3.283599631295e-01
7.758724646530e-02 3.373008306885e-01
7.758724646530e-02 3.452005222292e-01
7.758724646530e-02 3.521896117286e-01
7.758724646530e-02 3.583804585934e-01
7.758724646530e-02 3.638700993575e-01
7.758724646530e-02 3.687426162056e-01
7.758724646530e-02 3.730710883448e-01
7.758724646530e-02 3.769192087060e-01
8.851342372993e-03 3.803426305451e-01
8.851342372993e-03 3.833900948000e-01
8.851342372993e-03 3.861043784887e-01
8.851342372993e-03 3.772577974916e-01
8.851342372993e-03 3.569118401186e-01
8.851342372993e-03 3.334152998960e-01
8.851342372993e-03 3.098581948495e-01
8.851342372993e-03 2.873873905823e-01
8.851342372993e-03 2.664001518503e-01
8.851342372993e-03 2.469983083167e-01
8.851342372993e-03 2.291651797539e-01
8.851342372993e-03 2.128357444841e-01
8.851342372993e-03 1.979252578838e-01
8.851342372993e-03 1.843415281260e-01
8.851342372993e-03 1.719906211205e-01
8.851342372993e-03 1.607797978364e-01
8.851342372993e-03 1.506191830563e-01
8.851342372993e-03 1.414227759118e-01
8.851342372993e-03 1.331090682608e-01
8.851342372993e-03 1.256014012448e-01
8.851342372993e-03 1.188281344315e-01
8.851342372993e-03 1.127226766882e-01
8.851342372993e-03 1.072234147159e-01
8.851342372993e-03 1.022735669644e-01
8.851342372993e-03 9.782098477404e-02
8.851342372993e-03 9.381791801698e-02
8.851342372993e-03 9.022075881292e-02
8.851342372993e-03 8.698977386753e-02
8.851342372993e-03 8.408883350702e-02
8.851342372993e-03 8.148514346805e-02
8.851342372993e-03 7.914898387877e-02
8.851342372993e-03 7.705345856928e-02
8.851342372993e-03 7.517425682468e-02
8.851342372993e-03 7.348942889264e-02
8.851342372993e-03 7.197917594012e-02
8.851342372993e-03 7.062565468469e-02
8.851342372993e-03 6.941279657704e-02
8.851342372993e-03 6.832614115719e-02
8.851342372993e-03 6.735268302885e-02
8.851342372993e-03 6.648073177640e-02
7.645112628883e-01 6.569978407588e-02
7.645112628883e-01 6.500040721180e-02
7.645112628883e-01 6.437413319965e-02
7.645112628883e-01 1.469087116027e-01
7.645112628883e-01 2.882493495383e-01
7.645112628883e-01 4.162920540801e-01
7.645112628883e-01 5.176840886178e-01
7.645112628883e-01 5.953758860203e-01
7.645112628883e-01 6.548482915571e-01
7.645112628883e-01 7.008145262992e-01
7.645112628883e-01 7.367961777412e-01
7.645112628883e-01 7.653303831844e-01
7.645112628883e-01 7.882380713244e-01
7.645112628883e-01 8.068366549280e-01
7.645112628883e-01 8.220909907049e-01
7.645112628883e-01 8.347172657111e-01
7.645112628883e-01 8.452542266540e-01
7.645112628883e-01 8.541123580696e-01
7.645112628883e-01 8.616082146593e-01
7.645112628883e-01 8.679886906252e-01
7.645112628883e-01 8.734483943692e-01
7.645112628883e-01 8.781422417076e-01
7.645112628883e-01 8.821946917991e-01
7.645112628883e-01 8.857065970764e-01
7.645112628883e-01 8.887603376623e-01
7.645112628883e-01 8.914237086443e-01
7.645112628883e-01 8.937528911634e-01
7.645112628883e-01 8.957947437457e-01
7.645112628883e-01 8.975885845376e-01
7.645112628883e-01 8.991675888550e-01
7.645112628883e-01 9.005598935850e-01
7.645112628883e-01 9.017894763989e-01
7.645112628883e-01 9.028768606474e-01
7.645112628883e-01 9.038396843285e-01
7.645112628883e-01 9.046931623175e-01
7.645112628883e-01 9.054504642145e-01
7.645112628883e-01 9.061230250509e-01
7.645112628883e-01 9.067208022382e-01
7.645112628883e-01 9.072524892163e-01
7.645112628883e-01 9.077256940197e-01
-8.592046358898e-01 9.081470892603e-01
-8.592046358898e-01 9.085225386948e-01
-8.592046358898e-01 9.088572045080e-01
-8.592046358898e-01 8.899441768010e-01
-8.592046358898e-01 8.403442494446e-01
-8.592046358898e-01 7.599806921621e-01
-8.592046358898e-01 6.446657891424e-01
-8.592046358898e-01 4.900761391686e-01
-8.592046358898e-01 2.928778208009e-01
-8.592046358898e-01 5.126073481567e-02
-8.592046358898e-01 -2.347930591598e-01
-8.592046358898e-01 -5.634596739539e-01
-8.592046358898e-01 -9.312151742037e-01
-8.592046358898e-01 -1.333123447357e+00
-8.592046358898e-01 -1.763213091711e+00
-8.592046358898e-01 -2.214886795202e+00
-8.592046358898e-01 -2.681316076990e+00
-8.592046358898e-01 -3.155787849029e+00
-8.592046358898e-01 -3.631983319394e+00
-8.592046358898e-01 -4.104181976174e+00
-8.592046358898e-01 -4.567392658233e+00
-8.592046358898e-01 -5.017419828672e+00
-8.592046358898e-01 -5.450876460172e+00
-8.592046358898e-01 -5.865156024326e+00
-8.592046358898e-01 -6.258375616345e+00
-8.592046358898e-01 -6.629300846296e+00
-8.592046358898e-01 -6.977261271694e+00
-8.592046358898e-01 -7.302063181320e+00
-8.592046358898e-01 -7.603904690948e+00
-8.592046358898e-01 -7.883296502431e+00
-8.592046358898e-01 -8.140990360207e+00
-8.592046358898e-01 -8.377916216863e+00
-8.592046358898e-01 -8.595128366460e+00
-8.592046358898e-01 -8.793760281376e+00
-8.592046358898e-01 -8.974987551240e+00
-8.592046358898e-01 -9.139998128709e+00
-8.592046358898e-01 -9.289968998852e+00
-8.592046358898e-01 -9.426048375205e+00
-8.592046358898e-01 -9.549342561309e+00
-8.592046358898e-01 -9.660906682461e+00
-6.523154003789e-01 -9.761738574566e+00
-6.523154003789e-01 -9.852775205248e+00
-6.523154003789e-01 -9.934891090239e+00
-6.523154003789e-01 -9.969759177249e+00
-6.523154003789e-01 -9.959611390897e+00
-6.523154003789e-01 -9.935344446707e+00
-6.523154003789e-01 -9.908101696725e+00
-6.523154003789e-01 -9.881736336535e+00
-6.523154003789e-01 -9.857447003686e+00
-6.523154003789e-01 -9.835482349273e+00
-6.523154003789e-01 -9.815763989631e+00
-6.523154003789e-01 -9.798112477660e+00
-6.523154003789e-01 -9.782327976052e+00
-6.523154003789e-01 -9.768217924066e+00
-6.523154003789e-01 -9.755605501274e+00
-6.523154003789e-01 -9.744331251745e+00
-6.523154003789e-01 -9.734252376153e+00
-6.523154003789e-01 -9.725241322394e+00
-6.523154003789e-01 -9.717184253349e+00
-6.523154003789e-01 -9.709979587222e+00
-6.523154003789e-01 -9.703536667613e+00
-6.523154003789e-01 -9.697774571708e+00
-6.523154003789e-01 -9.692621048737e+00
-6.523154003789e-01 -9.688011576333e+00
-6.523154003789e-01 -9.683888521988e+00
-6.523154003789e-01 -9.680200397674e+00
-6.523154003789e-01 -9.676901196972e+00
-6.523154003789e-01 -9.673949805219e+00
-6.523154003789e-01 -9.671309474366e+00
-6.523154003789e-01 -9.668947355195e+00
-6.523154003789e-01 -9.666834080453e+00
-6.523154003789e-01 -9.664943393186e+00
-6.523154003789e-01 -9.663251815266e+00
-6.523154003789e-01 -9.661738351645e+00
-6.523154003789e-01 -9.660384226420e+00
-6.523154003789e-01 -9.659172647211e+00
-6.523154003789e-01 -9.658088594769e+00
-6.523154003789e-01 -9.657118635071e+00
-6.523154003789e-01 -9.656250751458e+00
-6.523154003789e-01 -9.655474194663e+00
5.350658314000e-01 -9.654779348786e+00
5.350658314000e-01 -9.654157611521e+00
5.350658314000e-01 -9.653601287089e+00
5.350658314000e-01 -7.886396210886e+00
5.350658314000e-01 -5.234235942500e+00
5.350658314000e-01 -3.229879329102e+00
5.350658314000e-01 -1.912682172159e+00
5.350658314000e-01 -1.066059701716e+00
5.350658314000e-01 -5.140798688634e-01
5.350658314000e-01 -1.449549658976e-01
5.350658314000e-01 1.087830164694e-01
5.350658314000e-01 2.878944628458e-01
5.350658314000e-01 4.174623506301e-01
5.350658314000e-01 5.132953950192e-01
5.350658314000e-01 5.856075994726e-01
5.350658314000e-01 6.411585950305e-01
5.350658314000e-01 6.845240250464e-01
5.350658314000e-01 7.188668112180e-01
5.350658314000e-01 7.464161516724e-01
5.350658314000e-01 7.687715767012e-01
5.350658314000e-01 7.870999803364e-01
5.350658314000e-01 8.022657913689e-01
5.350658314000e-01 8.149185383997e-01
5.350658314000e-01 8.255527541208e-01
5.350658314000e-01 8.345496052367e-01
5.350658314000e-01 8.422062502283e-01
5.350658314000e-01 8.487568285886e-01
5.350658314000e-01 8.543876609876e-01
5.350658314000e-01 8.592483904892e-01
5.350658314000e-01 8.634602416810e-01
5.350658314000e-01 8.671222088948e-01
5.350658314000e-01 8.703157396455e-01
5.350658314000e-01 8.731083130638e-01
5.350658314000e-01 8.755561987703e-01
5.350658314000e-01 8.777066021520e-01
5.350658314000e-01 8.795993461298e-01
5.350658314000e-01 8.812681998144e-01
5.350658314000e-01 8.827419359834e-01
5.350658314000e-01 8.840451786949e-01
5.350658314000e-01 8.851990872968e-01
8.514283401200e-01 8.862219119944e-01
8.514283401200e-01 8.871294479021e-01
8.514283401200e-01 8.879354083375e-01
8.514283401200e-01 8.895429899283e-01
8.514283401200e-01 8.918866414897e-01
8.514283401200e-01 8.942734116909e-01
8.514283401200e-01 8.964838625268e-01
8.514283401200e-01 8.984657137720e-01
8.514283401200e-01 9.002225284981e-01
8.514283401200e-01 9.017744463501e-01
8.514283401200e-01 9.031447334259e-01
8.514283401200e-01 9.043554491439e-01
8.514283401200e-01 9.054262795373e-01
8.514283401200e-01 9.063744313927e-01
8.514283401200e-01 9.072148495047e-01
8.514283401200e-01 9.079605044333e-01
8.514283401200e-01 9.086226691672e-01
8.514283401200e-01 9.092111624521e-01
8.514283401200e-01 9.097345563624e-01
8.514283401200e-01 9.102003516596e-01
8.514283401200e-01 9.106151257265e-01
8.514283401200e-01 9.109846576102e-01
8.514283401200e-01 9.113140340632e-01
8.514283401200e-01 9.116077398052e-01
8.514283401200e-01 9.118697346430e-01
8.514283401200e-01 9.121035196052e-01
8.514283401200e-01 9.123121938530e-01
8.514283401200e-01 9.124985038159e-01
8.514283401200e-01 9.126648857440e-01
8.514283401200e-01 9.128135026657e-01
8.514283401200e-01 9.129462765699e-01
8.514283401200e-01 9.130649165011e-01
8.514283401200e-01 9.131709431393e-01
8.514283401200e-01 9.132657103519e-01
8.514283401200e-01 9.133504241253e-01
8.514283401200e-01 9.134261592246e-01
8.514283401200e-01 9.134938738770e-01
8.514283401200e-01 9.135544227333e-01
8.514283401200e-01 9.136085683234e-01
8.514283401200e-01 9.136569911945e-01
-4.388760358276e-02 9.137002988916e-01
-4.388760358276e-02 9.137390339223e-01
-4.388760358276e-02 9.137736808259e-01
-4.388760358276e-02 9.039527398667e-01
-4.388760358276e-02 8.813649280595e-01
-4.388760358276e-02 8.505076928059e-01
-4.388760358276e-02 8.132731226396e-01
-4.388760358276e-02 7.708512694762e-01
-4.388760358276e-02 7.242023915197e-01
-4.388760358276e-02 6.742108782437e-01
-4.388760358276e-02 6.217332301339e-01
-4.388760358276e-02 5.676013228898e-01
-4.388760358276e-02 5.126074651355e-01
-4.388760358276e-02 4.574849660129e-01
-4.388760358276e-02 4.028911202910e-01
-4.388760358276e-02 3.493955122374e-01
-4.388760358276e-02 2.974742579573e-01
-4.388760358276e-02 2.475096188667e-01
-4.388760358276e-02 1.997939010193e-01
-4.388760358276e-02 1.545364249607e-01
-4.388760358276e-02 1.118724295095e-01
-4.388760358276e-02 7.187294977236e-02
-4.388760358276e-02 3.455491876764e-02
-4.388760358276e-02 -1.090540969184e-04
-4.388760358276e-02 -3.218159492733e-02
-4.388760358276e-02 -6.175238749157e-02
-4.388760358276e-02 -8.893101127061e-02
-4.388760358276e-02 -1.138408172972e-01
-4.388760358276e-02 -1.366138058270e-01
-4.388760358276e-02 -1.573864329501e-01
-4.388760358276e-02 -1.762962523799e-01
-4.388760358276e-02 -1.934792895875e-01
-4.388760358276e-02 -2.090680446327e-01
-4.388760358276e-02 -2.231900246668e-01
-4.388760358276e-02 -2.359667149947e-01
-4.388760358276e-02 -2.475129072267e-01
-4.388760358276e-02 -2.579363133012e-01
-4.388760358276e-02 -2.673374042904e-01
-4.388760358276e-02 -2.758094224399e-01
-4.388760358276e-02 -2.834385235764e-01
3.810465845191e-01 -2.903040147239e-01
3.810465845191e-01 -2.964786584674e-01
3.810465845191e-01 -3.020290213327e-01
3.810465845191e-01 -1.963017289622e-01
3.810465845191e-01 -9.699055410559e-03
3.810465845191e-01 1.618882440379e-01
3.810465845191e-01 2.995046877015e-01
3.810465845191e-01 4.061564839849e-01
3.810465845191e-01 4.886289072557e-01
3.810465845191e-01 5.529516242317e-01
3.810465845191e-01 6.037116323759e-01
3.810465845191e-01 6.442577833189e-01
3.810465845191e-01 6.770202388671e-01
3.810465845191e-01 7.037743097437e-01
3.810465845191e-01 7.258316469864e-01
3.810465845191e-01 7.441736943549e-01
3.810465845191e-01 7.595442213381e-01
3.810465845191e-01 7.725138256225e-01
3.810465845191e-01 7.835253509534e-01
3.810465845191e-01 7.929262450081e-01
3.810465845191e-01 8.009918931817e-01
3.810465845191e-01 8.079426455697e-01
3.810465845191e-01 8.139563839060e-01
3.810465845191e-01 8.191778975644e-01
3.810465845191e-01 8.237259509051e-01
3.810465845191e-01 8.276986623740e-01
3.810465845191e-01 8.311776364673e-01
3.810465845191e-01 8.342311655306e-01
3.810465845191e-01 8.369167314564e-01
3.810465845191e-01 8.392829758669e-01
3.810465845191e-01 8.413712634476e-01
3.810465845191e-01 8.432169314100e-01
3.810465845191e-01 8.448502949992e-01
3.810465845191e-01 8.462974620291e-01
3.810465845191e-01 8.475809968943e-01
3.810465845191e-01 8.487204651565e-01
3.810465845191e-01 8.497328827765e-01
3.810465845191e-01 8.506330887452e-01
3.810465845191e-01 8.514340558126e-01
3.810465845191e-01 8.521471509093e-01
2.499460127437e-01 8.527823544537e-01
2.499460127437e-01 8.533484458805e-01
2.499460127437e-01 8.538531612720e-01
2.499460127437e-01 8.516358531292e-01
2.499460127437e-01 8.467039851929e-01
2.499460127437e-01 8.410314894824e-01
2.499460127437e-01 8.353499193228e-01
2.499460127437e-01 8.299311667873e-01
2.499460127437e-01 8.248695730554e-01
2.499460127437e-01 8.201893837752e-01
2.499460127437e-01 8.158866529817e-01
2.499460127437e-01 8.119458850993e-01
2.499460127437e-01 8.083468371737e-01
2.499460127437e-01 8.050674470310e-01
2.499460127437e-01 8.020852014550e-01
2.499460127437e-01 7.993778456084e-01
2.499460127437e-01 7.969237892447e-01
2.499460127437e-01 7.947023547057e-01
2.499460127437e-01 7.926939300888e-01
2.499460127437e-01 7.908800587728e-01
2.499460127437e-01 7.892434832075e-01
2.499460127437e-01 7.877681548513e-01
2.499460127437e-01 7.864392189791e-01
2.499460127437e-01 7.852429811101e-01
2.499460127437e-01 7.841668603808e-01
2.499460127437e-01 7.831993340857e-01
2.499460127437e-01 7.823298767046e-01
2.499460127437e-01 7.815488960019e-01
2.499460127437e-01 7.808476681797e-01
2.499460127437e-01 7.802182735745e-01
2.499460127437e-01 7.796535339911e-01
2.499460127437e-01 7.791469524521e-01
2.499460127437e-01 7.786926558859e-01
2.499460127437e-01 7.782853410860e-01
2.499460127437e-01 7.779202241181e-01
2.499460127437e-01 7.775929932376e-01
2.499460127437e-01 7.772997652965e-01
2.499460127437e-01 7.770370455519e-01
2.499460127437e-01 7.768016907482e-01
2.499460127437e-01 7.765908753123e-01
8.426361837623e-01 7.764020604841e-01
8.426361837623e-01 7.762329661950e-01
8.426361837623e-01 7.760815455021e-01
8.426361837623e-01 7.842500553911e-01
8.426361837623e-01 7.994943042827e-01
8.426361837623e-01 8.149645752805e-01
8.426361837623e-01 8.287234972484e-01
8.426361837623e-01 8.404840301041e-01
8.426361837623e-01 8.504312130748e-01
8.426361837623e-01 8.588433726386e-01
8.426361837623e-01 8.659822915454e-01
8.426361837623e-01 8.720685068354e-01
8.426361837623e-01 8.772816379750e-01
8.426361837623e-01 8.817667810452e-01
8.426361837623e-01 8.856413199607e-01
8.426361837623e-01 8.890007170178e-01
8.426361837623e-01 8.919231140966e-01
8.426361837623e-01 8.944729101460e-01
8.426361837623e-01 8.967035303883e-01
8.426361837623e-01 8.986595756306e-01
8.426361837623e-01 9.003784998747e-01
8.426361837623e-01 9.018919286407e-01
8.426361837623e-01 9.032267023264e-01
8.426361837623e-01 9.044057078102e-01
8.426361837623e-01 9.054485458589e-01
8.426361837623e-01 9.063720703367e-01
8.426361837623e-01 9.071908266387e-01
8.426361837623e-01 9.079174103805e-01
8.426361837623e-01 9.085627625803e-01
8.426361837623e-01 9.091364139521e-01
8.426361837623e-01 9.096466881742e-01
8.426361837623e-01 9.101008718953e-01
8.426361837623e-01 9.105053576200e-01
8.426361837623e-01 9.108657643597e-01
8.426361837623e-01 9.111870399609e-01
8.426361837623e-01 9.114735482558e-01
8.426361837623e-01 9.117291435807e-01
8.426361837623e-01 9.119572347282e-01
8.426361837623e-01 9.121608400234e-01
8.426361837623e-01 9.123426349101e-01
1.863404927712e-01 9.125049931901e-01
1.863404927712e-01 9.126500228628e-01
1.863404927712e-01 9.127795973539e-01
1.863404927712e-01 9.084303230203e-01
1.863404927712e-01 8.991512756515e-01
1.863404927712e-01 8.878898456293e-01
1.863404927712e-01 8.758637773423e-01
1.863404927712e-01 8.636535422634e-01
1.863404927712e-01 8.515685948189e-01
1.863404927712e-01 8.397919826187e-01
1.863404927712e-01 8.284412904776e-01
1.863404927712e-01 8.175953038921e-01
1.863404927712e-01 8.073064092482e-01
1.863404927712e-01 7.976071054042e-01
1.863404927712e-01 7.885140890557e-01
1.863404927712e-01 7.800312965740e-01
1.863404927712e-01 7.721524251272e-01
1.863404927712e-01 7.648631158304e-01
1.863404927712e-01 7.581428572952e-01
1.863404927712e-01 7.519666292806e-01
1.863404927712e-01 7.463062990139e-01
1.863404927712e-01 7.411317853790e-01
1.863404927712e-01 7.364120103564e-01
1.863404927712e-01 7.321156601650e-01
1.863404927712e-01 7.282117799327e-01
1.863404927712e-01 7.246702256384e-01
1.863404927712e-01 7.214619958931e-01
1.863404927712e-01 7.185594642829e-01
1.863404927712e-01 7.159365307811e-01
1.863404927712e-01 7.135687083956e-01
1.863404927712e-01 7.114331589138e-01
1.863404927712e-01 7.095086894347e-01
1.863404927712e-01 7.077757194100e-01
1.863404927712e-01 7.062162261623e-01
1.863404927712e-01 7.048136753304e-01
1.863404927712e-01 7.035529413913e-01
1.863404927712e-01 7.024202223135e-01
1.863404927712e-01 7.014029514842e-01
1.863404927712e-01 7.004897093051e-01
1.863404927712e-01 6.996701362381e-01
-1.753379950185e-01 6.989348485961e-01
-1.753379950185e-01 6.982753579776e-01
-1.753379950185e-01 6.976839949398e-01
-1.753379950185e-01 6.685166981695e-01
-1.753379950185e-01 6.038683339741e-01
-1.753379950185e-01 5.187417133000e-01
-1.753379950185e-01 4.196973837754e-01
-1.753379950185e-01 3.106272193341e-01
-1.753379950185e-01 1.943444187727e-01
-1.753379950185e-01 7.315728403264e-02
-1.753379950185e-01 -5.091124200486e-02
-1.753379950185e-01 -1.760516855061e-01
-1.753379950185e-01 -3.006563280153e-01
-1.753379950185e-01 -4.233264932636e-01
-1.753379950185e-01 -5.428802310731e-01
-1.753379950185e-01 -6.583533366069e-01
-1.753379950185e-01 -7.689923088511e-01
-1.753379950185e-01 -8.742403628786e-01
-1.753379950185e-01 -9.737184849856e-01
-1.753379950185e-01 -1.067203593854e+00
-1.753379950185e-01 -1.154605592151e+00
-1.753379950185e-01 -1.235944694278e+00
-1.753379950185e-01 -1.311330013083e+00
-1.753379950185e-01 -1.380940034120e+00
-1.753379950185e-01 -1.445005319373e+00
-1.753379950185e-01 -1.503793564988e+00
-1.753379950185e-01 -1.557596982475e+00
-1.753379950185e-01 -1.606721869713e+00
-1.753379950185e-01 -1.651480176012e+00
-1.753379950185e-01 -1.692182834158e+00
-1.753379950185e-01 -1.729134623102e+00
-1.753379950185e-01 -1.762630330708e+00
-1.753379950185e-01 -1.792952001103e+00
-1.753379950185e-01 -1.820367071705e+00
-1.753379950185e-01 -1.845127227917e+00
-1.753379950185e-01 -1.867467826732e+00
-1.753379950185e-01 -1.887607762880e+00
-1.753379950185e-01 -1.905749671718e+00
-1.753379950185e-01 -1.922080381601e+00
-1.753379950185e-01 -1.936771544663e+00
-9.056822759591e-01 -1.949980388918e+00
-9.056822759591e-01 -1.961850546408e+00
-9.056822759591e-01 -1.972512922075e+00
-9.056822759591e-01 -2.144033440071e+00
-9.056822759591e-01 -2.496451512413e+00
-9.056822759591e-01 -2.925270120304e+00
-9.056822759591e-01 -3.386539490958e+00
-9.056822759591e-01 -3.858610211928e+00
-9.056822759591e-01 -4.329418074185e+00
-9.056822759591e-01 -4.791452068609e+00
-9.056822759591e-01 -5.239623407926e+00
-9.056822759591e-01 -5.670330464920e+00
-9.056822759591e-01 -6.081022890005e+00
-9.056822759591e-01 -6.469970423385e+00
-9.056822759591e-01 -6.836114007420e+00
-9.056822759591e-01 -7.178950675720e+00
-9.056822759591e-01 -7.498434516444e+00
-9.056822759591e-01 -7.794888178450e+00
-9.056822759591e-01 -8.068923720521e+00
-9.056822759591e-01 -8.321372801562e+00
-9.056822759591e-01 -8.553226266580e+00
-9.056822759591e-01 -8.765582910331e+00
-9.056822759591e-01 -8.959606904791e+00
-9.056822759591e-01 -9.136493156561e+00
-9.056822759591e-01 -9.297439732389e+00
-9.056822759591e-01 -9.443626442498e+00
-9.056822759591e-01 -9.576198682175e+00
-9.056822759591e-01 -9.696255682707e+00
-9.056822759591e-01 -9.804842397281e+00
-9.056822759591e-01 -9.902944333868e+00
-9.056822759591e-01 -9.991484736841e+00
-9.056822759591e-01 -1.007132360643e+01
-9.056822759591e-01 -1.014325812661e+01
-9.056822759591e-01 -1.020802414548e+01
-9.056822759591e-01 -1.026629841745e+01
-9.056822759591e-01 -1.031870137244e+01
-9.056822759591e-01 -1.036580022528e+01
-9.056822759591e-01 -1.040811227901e+01
-9.056822759591e-01 -1.044610830867e+01
-9.056822759591e-01 -1.048021593991e+01
1.979879546901e-01 -1.051082295901e+01
1.979879546901e-01 -1.053828050835e+01
1.979879546901e-01 -1.056290613614e+01
1.979879546901e-01 -9.014816925205e+00
1.979879546901e-01 -6.546614421477e+00
1.979879546901e-01 -4.535095070573e+00
1.979879546901e-01 -3.107558203400e+00
1.979879546901e-01 -2.121243725628e+00
1.979879546901e-01 -1.434360646017e+00
1.979879546901e-01 -9.468917046480e-01
1.979879546901e-01 -5.934469179469e-01
1.979879546901e-01 -3.317468204311e-01
1.979879546901e-01 -1.341667539696e-01
1.979879546901e-01 1.766806383116e-02
1.979879546901e-01 1.362251900805e-01
1.979879546901e-01 2.301330045875e-01
1.979879546901e-01 3.054766098195e-01
1.979879546901e-01 3.666240096731e-01
1.979879546901e-01 4.167626463654e-01
1.979879546901e-01 4.582542740352e-01
1.979879546901e-01 4.928738337921e-01
1.979879546901e-01 5.219729370543e-01
1.979879546901e-01 5.465935089861e-01
1.979879546901e-01 5.675479484575e-01
1.979879546901e-01 5.854764487500e-01
1.979879546901e-01 6.008885153519e-01
1.979879546901e-01 6.141934016552e-01
1.979879546901e-01 6.257226744475e-01
1.979879546901e-01 6.357471234684e-01
1.979879546901e-01 6.444895606441e-01
1.979879546901e-01 6.521346006008e-01
1.979879546901e-01 6.588362019925e-01
1.979879546901e-01 6.647235321768e-01
1.979879546901e-01 6.699055652154e-01
1.979879546901e-01 6.744747148006e-01
1.979879546901e-01 6.785097259559e-01
1.979879546901e-01 6.820779930599e-01
1.979879546901e-01 6.852374306014e-01
1.979879546901e-01 6.880379927692e-01
1.979879546901e-01 6.905229154673e-01
-4.164455232287e-01 6.927297374984e-01
-4.164455232287e-01 6.946911449637e-01
-4.164455232287e-01 6.964356732806e-01
-4.164455232287e-01 6.564295757799e-01
-4.164455232287e-01 5.599885670915e-01
-4.164455232287e-01 4.226465596362e-01
-4.164455232287e-01 2.500308966805e-01
-4.164455232287e-01 4.577053339902e-02
-4.164455232287e-01 -1.867201299818e-01
-4.164455232287e-01 -4.437280660013e-01
-4.164455232287e-01 -7.211413133191e-01
-4.164455232287e-01 -1.014534751148e+00
-4.164455232287e-01 -1.319339534467e+00
-4.164455232287e-01 -1.631034288655e+00
-4.164455232287e-01 -1.945320582517e+00
-4.164455232287e-01 -2.258262990970e+00
-4.164455232287e-01 -2.566386519696e+00
-4.164455232287e-01 -2.866732143597e+00
-4.164455232287e-01 -3.156875734150e+00
-4.164455232287e-01 -3.434917713234e+00
-4.164455232287e-01 -3.699451208012e+00
-4.164455232287e-01 -3.949515937266e+00
-4.164455232287e-01 -4.184544001897e+00
-4.164455232287e-01 -4.404302500643e+00
-4.164455232287e-01 -4.608836649736e+00
-4.164455232287e-01 -4.798415968564e+00
-4.164455232287e-01 -4.973485157221e+00
-4.164455232287e-01 -5.134620550513e+00
-4.164455232287e-01 -5.282492476264e+00
-4.164455232287e-01 -5.417833450279e+00
-4.164455232287e-01 -5.541411877733e+00
-4.164455232287e-01 -5.654010772392e+00
-4.164455232287e-01 -5.756410924772e+00
-4.164455232287e-01 -5.849377926076e+00
-4.164455232287e-01 -5.933652468358e+00
-4.164455232287e-01 -6.009943379049e+00
-4.164455232287e-01 -6.078922899255e+00
-4.164455232287e-01 -6.141223772683e+00
-4.164455232287e-01 -6.197437770500e+00
-4.164455232287e-01 -6.248115333616e+00
8.000910951756e-01 -6.293766065765e+00
8.000910951756e-01 -6.334859857294e+00
8.000910951756e-01 -6.371828460411e+00
8.000910951756e-01 -5.209923661765e+00
8.000910951756e-01 -3.419986508879e+00
8.000910951756e-01 -2.044264515200e+00
8.000910951756e-01 -1.126228229918e+00
8.000910951756e-01 -5.279028660961e-01
8.000910951756e-01 -1.328955188672e-01
8.000910951756e-01 1.342368909508e-01
8.000910951756e-01 3.197175857805e-01
8.000910951756e-01 4.518279877497e-01
8.000910951756e-01 5.481664990294e-01
8.000910951756e-01 6.199357756316e-01
8.000910951756e-01 6.744395285469e-01
8.000910951756e-01 7.165513270553e-01
8.000910951756e-01 7.495950885872e-01
8.000910951756e-01 7.758844348838e-01
8.000910951756e-01 7.970604058210e-01
8.000910951756e-01 8.143074460344e-01
8.000910951756e-01 8.284943402699e-01
8.000910951756e-01 8.402679239260e-01
8.000910951756e-01 8.501164987722e-01
8.000910951756e-01 8.584134580840e-01
8.000910951756e-01 8.654477609999e-01
8.000910951756e-01 8.714455275562e-01
8.000910951756e-01 8.765855480688e-01
8.000910951756e-01 8.810105626384e-01
8.000910951756e-01 8.848355616835e-01
8.000910951756e-01 8.881539623622e-01
8.000910951756e-01 8.910422527036e-01
8.000910951756e-01 8.935635181940e-01
8.000910951756e-01 8.957701448404e-01
8.000910951756e-01 8.977059094203e-01
8.000910951756e-01 8.994076094834e-01
8.000910951756e-01 9.009063446495e-01
8.000910951756e-01 9.022285315056e-01
8.000910951756e-01 9.033967133638e-01
8.000910951756e-01 9.044302108558e-01
8.000910951756e-01 9.053456481421e-01
-8.689633830772e-01 9.061573812406e-01
-8.689633830772e-01 9.068778488157e-01
-8.689633830772e-01 9.075178611517e-01
-8.689633830772e-01 8.885828940671e-01
-8.689633830772e-01 8.385990250718e-01
-8.689633830772e-01 7.576090279727e-01
-8.689633830772e-01 6.414575495414e-01
-8.689633830772e-01 4.858445698062e-01
-8.689633830772e-01 2.874633894092e-01
-8.689633830772e-01 4.453640507982e-02
-8.689633830772e-01 -2.429180260214e-01
-8.689633830772e-01 -5.730383307278e-01
-8.689633830772e-01 -9.422640478021e-01
-8.689633830772e-01 -1.345625896082e+00
-8.689633830772e-01 -1.777124236930e+00
-8.689633830772e-01 -2.230139320978e+00
-8.689633830772e-01 -2.697826246736e+00
-8.689633830772e-01 -3.173461224260e+00
-8.689633830772e-01 -3.650719830503e+00
-8.689633830772e-01 -4.123880152551e+00
-8.689633830772e-01 -4.587952954567e+00
-8.689633830772e-01 -5.038747078513e+00
-8.689633830772e-01 -5.472881547636e+00
-8.689633830772e-01 -5.887756895837e+00
-8.689633830772e-01 -6.281497763637e+00
-8.689633830772e-01 -6.652877386721e+00
-8.689633830772e-01 -7.001232738073e+00
-8.689633830772e-01 -7.326377115818e+00
-8.689633830772e-01 -7.628515118741e+00
-8.689633830772e-01 -7.908163343383e+00
-8.689633830772e-01 -8.166078821349e+00
-8.689633830772e-01 -8.403196195617e+00
-8.689633830772e-01 -8.620573884345e+00
-8.689633830772e-01 -8.819348960060e+00
-8.689633830772e-01 -9.000700136993e+00
-8.689633830772e-01 -9.165818067219e+00
-8.689633830772e-01 -9.315882059532e+00
-8.689633830772e-01 -9.452042322360e+00
-8.689633830772e-01 -9.575406868483e+00
-8.689633830772e-01 -9.687032285791e+00
-6.675793778466e-01 -9.787917660818e+00
-6.675793778466e-01 -9.879001030347e+00
-6.675793778466e-01 -9.961157824328e+00
-6.675793778466e-01 -9.999551104920e+00
-6.675793778466e-01 -9.996249072146e+00
-6.675793778466e-01 -9.979435917815e+00
-6.675793778466e-01 -9.959325488354e+00
-6.675793778466e-01 -9.939493312678e+00
-6.675793778466e-01 -9.921091191998e+00
-6.675793778466e-01 -9.904398540201e+00
-6.675793778466e-01 -9.889390366012e+00
-6.675793778466e-01 -9.875943960709e+00
-6.675793778466e-01 -9.863913163457e+00
-6.675793778466e-01 -9.853154218586e+00
-6.675793778466e-01 -9.843534032911e+00
-6.675793778466e-01 -9.834932117837e+00
-6.675793778466e-01 -9.827240339786e+00
-6.675793778466e-01 -9.820361976931e+00
-6.675793778466e-01 -9.814210618583e+00
-6.675793778466e-01 -9.808709092366e+00
-6.675793778466e-01 -9.803788476934e+00
-6.675793778466e-01 -9.799387212493e+00
-6.675793778466e-01 -9.795450305858e+00
-6.675793778466e-01 -9.791928622040e+00
-6.675793778466e-01 -9.788778253441e+00
-6.675793778466e-01 -9.785959958186e+00
-6.675793778466e-01 -9.783438659837e+00
-6.675793778466e-01 -9.781183001630e+00
-6.675793778466e-01 -9.779164949124e+00
-6.675793778466e-01 -9.777359435865e+00
-6.675793778466e-01 -9.775744047307e+00
-6.675793778466e-01 -9.774298738759e+00
-6.675793778466e-01 -9.773005583633e+00
-6.675793778466e-01 -9.771848548665e+00
-6.675793778466e-01 -9.770813293189e+00
-6.675793778466e-01 -9.769886989836e+00
-6.675793778466e-01 -9.769058164356e+00
-6.675793778466e-01 -9.768316552483e+00
-6.675793778466e-01 -9.767652972032e+00
-6.675793778466e-01 -9.767059208565e+00
-6.603467746919e-03 -9.766527913198e+00
-6.603467746919e-03 -9.766052511234e+00
-6.603467746919e-03 -9.765627120479e+00
-6.603467746919e-03 -8.823246950726e+00
-6.603467746919e-03 -7.213149033403e+00
-6.603467746919e-03 -5.752053358038e+00
-6.603467746919e-03 -4.592483894053e+00
-6.603467746919e-03 -3.701979587037e+00
-6.603467746919e-03 -3.018888183680e+00
-6.603467746919e-03 -2.489927634476e+00
-6.603467746919e-03 -2.075159710687e+00
-6.603467746919e-03 -1.745736935183e+00
-6.603467746919e-03 -1.480909055245e+00
-6.603467746919e-03 -1.265633569520e+00
-6.603467746919e-03 -1.088873433133e+00
-6.603467746919e-03 -9.424223883029e-01
-6.603467746919e-03 -8.200977485690e-01
-6.603467746919e-03 -7.171819856552e-01
-6.603467746919e-03 -6.300321973514e-01
-6.603467746919e-03 -5.558035920505e-01
-6.603467746919e-03 -4.922512282290e-01
-6.603467746919e-03 -4.375861116280e-01
-6.603467746919e-03 -3.903695163068e-01
-6.603467746919e-03 -3.494345090160e-01
-6.603467746919e-03 -3.138270581812e-01
-6.603467746919e-03 -2.827613980182e-01
-6.603467746919e-03 -2.555858770291e-01
-6.603467746919e-03 -2.317565938481e-01
-6.603467746919e-03 -2.108168713835e-01
-6.603467746919e-03 -1.923811468855e-01
-6.603467746919e-03 -1.761222302630e-01
-6.603467746919e-03 -1.617611521375e-01
-6.603467746919e-03 -1.490590182898e-01
-6.603467746919e-03 -1.378104299090e-01
-6.603467746919e-03 -1.278381343560e-01
-6.603467746919e-03 -1.189886494441e-01
-6.603467746919e-03 -1.111286628880e-01
-6.603467746919e-03 -1.041420528312e-01
-6.603467746919e-03 -9.792740898055e-02
-6.603467746919e-03 -9.239595959089e-02
-9.844824224638e-01 -8.746982932819e-02
-9.844824224638e-01 -8.308056835603e-02
-9.844824224638e-01 -7.916790491681e-02
-9.844824224638e-01 -1.835580550473e-01
-9.844824224638e-01 -4.225248558798e-01
-9.844824224638e-01 -7.406553445158e-01
-9.844824224638e-01 -1.113980893528e+00
-9.844824224638e-01 -1.528162588623e+00
-9.844824224638e-01 -1.972646160645e+00
-9.844824224638e-01 -2.438594993405e+00
-9.844824224638e-01 -2.918120251662e+00
-9.844824224638e-01 -3.404051212215e+00
-9.844824224638e-01 -3.889925517643e+00
-9.844824224638e-01 -4.370046333591e+00
-9.844824224638e-01 -4.839536007193e+00
-9.844824224638e-01 -5.294359096735e+00
-9.844824224638e-01 -5.731309459382e+00
-9.844824224638e-01 -6.147966041500e+00
-9.844824224638e-01 -6.542625636878e+00
-9.844824224638e-01 -6.914221296485e+00
-9.844824224638e-01 -7.262234021414e+00
-9.844824224638e-01 -7.586603779193e+00
-9.844824224638e-01 -7.887644232901e+00
-9.844824224638e-01 -8.165964092318e+00
-9.844824224638e-01 -8.422396777790e+00
-9.844824224638e-01 -8.657939146947e+00
-9.844824224638e-01 -8.873699350141e+00
-9.844824224638e-01 -9.070853413933e+00
-9.844824224638e-01 -9.250609859733e+00
-9.844824224638e-01 -9.414181505639e+00
-9.844824224638e-01 -9.562763537266e+00
-9.844824224638e-01 -9.697516938141e+00
-9.844824224638e-01 -9.819556418602e+00
-9.844824224638e-01 -9.929942056153e+00
-9.844824224638e-01 -1.002967394717e+01
-9.844824224638e-01 -1.011968926056e+01
-9.844824224638e-01 -1.020086117249e+01
-9.844824224638e-01 -1.027399924416e+01
-9.844824224638e-01 -1.033985087931e+01
-9.844824224638e-01 -1.039910356442e+01
-1.960743494314e-01 -1.045238765181e+01
-1.960743494314e-01 -1.050027949449e+01
-1.960743494314e-01 -1.054330478303e+01
-1.960743494314e-01 -1.002820389432e+01
-1.960743494314e-01 -9.051168120816e+00
-1.960743494314e-01 -8.075491907484e+00
-1.960743494314e-01 -7.224997753029e+00
-1.960743494314e-01 -6.512297516660e+00
-1.960743494314e-01 -5.920480052985e+00
-1.960743494314e-01 -5.428287455771e+00
-1.960743494314e-01 -5.016832210610e+00
-1.960743494314e-01 -4.670755623224e+00
-1.960743494314e-01 -4.377889262352e+00
-1.960743494314e-01 -4.128634392549e+00
-1.960743494314e-01 -3.915389841787e+00
-1.960743494314e-01 -3.732094085331e+00
-1.960743494314e-01 -3.573874707953e+00
-1.960743494314e-01 -3.436783421694e+00
-1.960743494314e-01 -3.317595758833e+00
-1.960743494314e-01 -3.213658865772e+00
-1.960743494314e-01 -3.122775002521e+00
-1.960743494314e-01 -3.043111657148e+00
-1.960743494314e-01 -2.973131632249e+00
-1.960743494314e-01 -2.911538233469e+00
-1.960743494314e-01 -2.857231967747e+00
-1.960743494314e-01 -2.809276081899e+00
-1.960743494314e-01 -2.766868942654e+00
-1.960743494314e-01 -2.729321749873e+00
-1.960743494314e-01 -2.696040436359e+00
-1.960743494314e-01 -2.666510876341e+00
-1.960743494314e-01 -2.640286725821e+00
-1.960743494314e-01 -2.616979369482e+00
-1.960743494314e-01 -2.596249563942e+00
-1.960743494314e-01 -2.577800454954e+00
-1.960743494314e-01 -2.561371713755e+00
-1.960743494314e-01 -2.546734589977e+00
-1.960743494314e-01 -2.533687719194e+00
-1.960743494314e-01 -2.522053554954e+00
-1.960743494314e-01 -2.511675320177e+00
-1.960743494314e-01 -2.502414392507e+00
5.784091072056e-01 -2.494148053981e+00
5.784091072056e-01 -2.486767547847e+00
5.784091072056e-01 -2.480176395465e+00
5.784091072056e-01 -2.024151806967e+00
5.784091072056e-01 -1.302278616333e+00
5.784091072056e-01 -7.087331261385e-01
5.784091072056e-01 -2.828157502184e-01
5.784091072056e-01 1.470040271521e-02
5.784091072056e-01 2.240145252178e-01
5.784091072056e-01 3.739410235115e-01
5.784091072056e-01 4.835555976670e-01
5.784091072056e-01 5.653254710391e-01
5.784091072056e-01 6.274748303857e-01
5.784091072056e-01 6.755215864426e-01
5.784091072056e-01 7.132393589892e-01
5.784091072056e-01 7.432586804411e-01
5.784091072056e-01 7.674470798461e-01
5.784091072056e-01 7.871533413704e-01
5.784091072056e-01 8.033672929489e-01
5.784091072056e-01 8.168262066731e-01
5.784091072056e-01 8.280868678320e-01
5.784091072056e-01 8.375751849208e-01
5.784091072056e-01 8.456208622618e-01
5.784091072056e-01 8.524819805284e-01
5.784091072056e-01 8.583626569413e-01
5.784091072056e-01 8.634258934067e-01
5.784091072056e-01 8.678030344039e-01
5.784091072056e-01 8.716008066812e-01
5.784091072056e-01 8.749066139707e-01
5.784091072056e-01 8.777925586623e-01
5.784091072056e-01 8.803185251089e-01
5.784091072056e-01 8.825345644759e-01
5.784091072056e-01 8.844827548930e-01
5.784091072056e-01 8.861986639783e-01
5.784091072056e-01 8.877125075192e-01
5.784091072056e-01 8.890500741303e-01
5.784091072056e-01 8.902334683029e-01
5.784091072056e-01 8.912817115005e-01
5.784091072056e-01 8.922112315258e-01
5.784091072056e-01 8.930362633672e-01
-6.781351946658e-01 8.937691794571e-01
-6.781351946658e-01 8.944207633009e-01
-6.781351946658e-01 8.950004373971e-01
-6.781351946658e-01 8.744070331549e-01
-6.781351946658e-01 8.208338759271e-01
-6.781351946658e-01 7.354683584487e-01
-6.781351946658e-01 6.150841985526e-01
-6.781351946658e-01 4.563228923276e-01
-6.781351946658e-01 2.568164476078e-01
-6.781351946658e-01 1.565862482899e-02
-6.781351946658e-01 -2.663989549670e-01
-6.781351946658e-01 -5.869579919370e-01
-6.781351946658e-01 -9.421535261619e-01
-6.781351946658e-01 -1.326953325434e+00
-6.781351946658e-01 -1.735521395140e+00
-6.781351946658e-01 -2.161594782920e+00
-6.781351946658e-01 -2.598833880496e+00
-6.781351946658e-01 -3.041119852869e+00
-6.781351946658e-01 -3.482785620873e+00
-6.781351946658e-01 -3.918777292224e+00
-6.781351946658e-01 -4.344750442837e+00
-6.781351946658e-01 -4.757110264078e+00
-6.781351946658e-01 -5.153006774232e+00
-6.781351946658e-01 -5.530296659083e+00
-6.781351946658e-01 -5.887482469741e+00
-6.781351946658e-01 -6.223638389164e+00
-6.781351946658e-01 -6.538329982043e+00
-6.781351946658e-01 -6.831533541240e+00
-6.781351946658e-01 -7.103559006097e+00
-6.781351946658e-01 -7.354979039261e+00
-6.781351946658e-01 -7.586565736519e+00
-6.781351946658e-01 -7.799235598982e+00
-6.781351946658e-01 -7.994002788315e+00
-6.781351946658e-01 -8.171940274413e+00
-6.781351946658e-01 -8.334148229842e+00
-6.781351946658e-01 -8.481728888926e+00
-6.781351946658e-01 -8.615767038564e+00
-6.781351946658e-01 -8.737315316235e+00
-6.781351946658e-01 -8.847383536992e+00
-6.781351946658e-01 -8.946931339991e+00
5.817832516421e-01 -9.036863524646e+00
5.817832516421e-01 -9.118027528998e+00
5.817832516421e-01 -9.191212583120e+00
5.817832516421e-01 -7.531967442598e+00
5.817832516421e-01 -4.987325285871e+00
5.817832516421e-01 -3.058934692528e+00
5.817832516421e-01 -1.791734449258e+00
5.817832516421e-01 -9.779210852963e-01
5.817832516421e-01 -4.478724197590e-01
5.817832516421e-01 -9.377383350321e-02
5.817832516421e-01 1.494036969590e-01
5.817832516421e-01 3.209119405990e-01
5.817832516421e-01 4.448828197197e-01
5.817832516421e-01 5.365118176635e-01
5.817832516421e-01 6.056083576766e-01
5.817832516421e-01 6.586591899343e-01
5.817832516421e-01 7.000520425356e-01
5.817832516421e-01 7.328179037664e-01
5.817832516421e-01 7.590916640596e-01
5.817832516421e-01 7.804043094632e-01
5.817832516421e-01 7.978721396826e-01
5.817832516421e-01 8.123216992500e-01
5.817832516421e-01 8.243737691305e-01
5.817832516421e-01 8.345007953916e-01
5.817832516421e-01 8.430667786516e-01
5.817832516421e-01 8.503553912364e-01
5.817832516421e-01 8.565900706112e-01
5.817832516421e-01 8.619485648213e-01
5.817832516421e-01 8.665735896965e-01
5.817832516421e-01 8.705807263015e-01
5.817832516421e-01 8.740643361375e-01
5.817832516421e-01 8.771020365027e-01
5.817832516421e-01 8.797581188935e-01
5.817832516421e-01 8.820861837319e-01
5.817832516421e-01 8.841311885436e-01
5.817832516421e-01 8.859310531817e-01
5.817832516421e-01 8.875179276945e-01
5.817832516421e-01 8.889192011793e-01
5.817832516421e-01 8.901583102369e-01
5.817832516421e-01 8.912553912379e-01
3.111034959141e-02 8.922278099962e-01
3.111034959141e-02 8.930905945717e-01
3.111034959141e-02 8.938567910258e-01
3.111034959141e-02 8.855083933346e-01
3.111034959141e-02 8.663388086285e-01
3.111034959141e-02 8.414830504847e-01
3.111034959141e-02 8.131583978817e-01
3.111034959141e-02 7.826069840951e-01
3.111034959141e-02 7.506591321049e-01
3.111034959141e-02 7.179448578826e-01
3.111034959141e-02 6.849801266007e-01
3.111034959141e-02 6.522010613276e-01
3.111034959141e-02 6.199765794373e-01
3.111034959141e-02 5.886132035844e-01
3.111034959141e-02 5.583580363266e-01
3.111034959141e-02 5.294021826637e-01
3.111034959141e-02 5.018852056056e-01
3.111034959141e-02 4.759004924783e-01
3.111034959141e-02 4.515011754466e-01
3.111034959141e-02 4.287062275793e-01
3.111034959141e-02 4.075064178887e-01
3.111034959141e-02 3.878698947468e-01
3.111034959141e-02 3.697472500675e-01
3.111034959141e-02 3.530759861477e-01
3.111034959141e-02 3.377843604077e-01
3.111034959141e-02 3.237946213623e-01
3.111034959141e-02 3.110256742959e-01
3.111034959141e-02 2.993952300088e-01
3.111034959141e-02 2.888214972032e-01
3.111034959141e-02 2.792244807937e-01
3.111034959141e-02 2.705269464560e-01
3.111034959141e-02 2.626551074496e-01
3.111034959141e-02 2.555390842061e-01
3.111034959141e-02 2.491131810900e-01
3.111034959141e-02 2.433160186218e-01
3.111034959141e-02 2.380905536238e-01
3.111034959141e-02 2.333840143890e-01
3.111034959141e-02 2.291477731950e-01
3.111034959141e-02 2.253371742956e-01
3.111034959141e-02 2.219113319333e-01
8.716455827801e-01 2.188329098744e-01
8.716455827801e-01 2.160678914269e-01
8.716455827801e-01 2.135853468060e-01
8.716455827801e-01 2.779587164831e-01
8.716455827801e-01 3.907924655403e-01
8.716455827801e-01 4.944194985770e-01
8.716455827801e-01 5.774918537039e-01
8.716455827801e-01 6.418574477537e-01
8.716455827801e-01 6.916234627142e-01
8.716455827801e-01 7.304335324379e-01
8.716455827801e-01 7.610578655212e-01
8.716455827801e-01 7.855183436971e-01
8.716455827801e-01 8.052819382341e-01
8.716455827801e-01 8.214201923627e-01
8.716455827801e-01 8.347247201462e-01
8.716455827801e-01 8.457878008669e-01
8.716455827801e-01 8.550582514524e-01
8.716455827801e-01 8.628803689989e-01
8.716455827801e-01 8.695213486294e-01
8.716455827801e-01 8.751908157602e-01
8.716455827801e-01 8.800549101543e-01
8.716455827801e-01 8.842465626010e-01
8.716455827801e-01 8.878730792799e-01
8.716455827801e-01 8.910218000319e-01
8.716455827801e-01 8.937643631743e-01
8.716455827801e-01 8.961599513795e-01
8.716455827801e-01 8.982577848894e-01
8.716455827801e-01 9.000990533865e-01
8.716455827801e-01 9.017184253819e-01
8.716455827801e-01 9.031452368696e-01
8.716455827801e-01 9.044044344844e-01
8.716455827801e-01 9.055173292749e-01
8.716455827801e-01 9.065022032826e-01
8.716455827801e-01 9.073748008995e-01
8.716455827801e-01 9.081487294124e-01
8.716455827801e-01 9.088357874968e-01
8.716455827801e-01 9.094462361862e-01
8.716455827801e-01 9.099890236299e-01
8.716455827801e-01 9.104719725096e-01
8.716455827801e-01 9.109019371082e-01
-2.526902152471e-01 9.112849355786e-01
-2.526902152471e-01 9.116262618371e-01
-2.526902152471e-01 9.119305806302e-01
-2.526902152471e-01 8.974142010337e-01
-2.526902152471e-01 8.613171889594e-01
-2.526902152471e-01 8.070058173921e-01
-2.526902152471e-01 7.347419130784e-01
-2.526902152471e-01 6.445040513250e-01
-2.526902152471e-01 5.366170839315e-01
-2.526902152471e-01 4.119373698929e-01
-2.526902152471e-01 2.718809991480e-01
-2.526902152471e-01 1.183629532284e-01
-2.526902152471e-01 -4.631831701000e-02
-2.526902152471e-01 -2.196226326565e-01
-2.526902152471e-01 -3.989130831669e-01
-2.526902152471e-01 -5.815877235181e-01
-2.526902152471e-01 -7.651880007801e-01
-2.526902152471e-01 -9.474795572651e-01
-2.526902152471e-01 -1.126505266427e+00
-2.526902152471e-01 -1.300613129890e+00
-2.526902152471e-01 -1.468463195304e+00
-2.526902152471e-01 -1.629018230423e+00
-2.526902152471e-01 -1.781522801807e+00
-2.526902152471e-01 -1.925474914044e+00
-2.526902152471e-01 -2.060593669476e+00
-2.526902152471e-01 -2.186785653966e+00
-2.526902152471e-01 -2.304112034987e+00
-2.526902152471e-01 -2.412757726934e+00
-2.526902152471e-01 -2.513003458187e+00
-2.526902152471e-01 -2.605201168178e+00
-2.526902152471e-01 -2.689752861669e+00
-2.526902152471e-01 -2.767092836896e+00
-2.526902152471e-01 -2.837673067149e+00
-2.526902152471e-01 -2.901951435265e+00
-2.526902152471e-01 -2.960382482723e+00
-2.526902152471e-01 -3.013410327082e+00
-2.526902152471e-01 -3.061463413580e+00
-2.526902152471e-01 -3.104950791121e+00
-2.526902152471e-01 -3.144259634086e+00
-2.526902152471e-01 -3.179753765283e+00
-9.644476575611e-01 -3.211772969379e+00
-9.644476575611e-01 -3.240632918396e+00
-9.644476575611e-01 -3.266625560446e+00
-9.644476575611e-01 -3.457111778944e+00
-9.644476575611e-01 -3.826289193852e+00
-9.644476575611e-01 -4.260272190032e+00
-9.644476575611e-01 -4.712820618898e+00
-9.644476575611e-01 -5.163101191770e+00
-9.644476575611e-01 -5.600931170750e+00
-9.644476575611e-01 -6.020939050949e+00
-9.644476575611e-01 -6.420130572195e+00
-9.644476575611e-01 -6.796835337634e+00
-9.644476575611e-01 -7.150221531199e+00
-9.644476575611e-01 -7.480045618139e+00
-9.644476575611e-01 -7.786501326202e+00
-9.644476575611e-01 -8.070113540255e+00
-9.644476575611e-01 -8.331655697814e+00
-9.644476575611e-01 -8.572082259615e+00
-9.644476575611e-01 -8.792472740811e+00
-9.644476575611e-01 -8.993985533515e+00
-9.644476575611e-01 -9.177820315392e+00
-9.644476575611e-01 -9.345188001549e+00
-9.644476575611e-01 -9.497287249971e+00
-9.644476575611e-01 -9.635286573627e+00
-9.644476575611e-01 -9.760311171483e+00
-9.644476575611e-01 -9.873433667001e+00
-9.644476575611e-01 -9.975668029995e+00
-9.644476575611e-01 -1.006796604902e+01
-9.644476575611e-01 -1.015121581129e+01
-9.644476575611e-01 -1.022624173152e+01
-9.644476575611e-01 -1.029380574829e+01
-9.644476575611e-01 -1.035460937460e+01
-9.644476575611e-01 -1.040929634904e+01
-9.644476575611e-01 -1.045845568467e+01
-9.644476575611e-01 -1.050262495589e+01
-9.644476575611e-01 -1.054229369914e+01
-9.644476575611e-01 -1.057790683284e+01
-9.644476575611e-01 -1.060986802592e+01
-9.644476575611e-01 -1.063854296362e+01
-9.644476575611e-01 -1.066426247462e+01
5.282193699517e-01 -1.068732549581e+01
5.282193699517e-01 -1.070800186029e+01
5.282193699517e-01 -1.072653490163e+01
5.282193699517e-01 -8.756964944195e+00
5.282193699517e-01 -5.801117206496e+00
5.282193699517e-01 -3.580958307847e+00
5.282193699517e-01 -2.132127624313e+00
5.282193699517e-01 -1.207194522141e+00
5.282193699517e-01 -6.079187894761e-01
5.282193699517e-01 -2.094296312272e-01
5.282193699517e-01 6.310199791485e-02
5.282193699517e-01 2.546035774787e-01
5.282193699517e-01 3.925694476354e-01
5.282193699517e-01 4.942414824014e-01
5.282193699517e-01 5.707090142623e-01
5.282193699517e-01 6.292805081603e-01
5.282193699517e-01 6.748843111114e-01
5.282193699517e-01 7.109152607672e-01
5.282193699517e-01 7.397583220336e-01
5.282193699517e-01 7.631197245788e-01
5.282193699517e-01 7.822407955712e-01
5.282193699517e-01 7.980387740031e-01
5.282193699517e-01 8.112012510302e-01
5.282193699517e-01 8.222505971933e-01
5.282193699517e-01 8.315886188804e-01
5.282193699517e-01 8.395279738180e-01
5.282193699517e-01 8.463145803561e-01
5.282193699517e-01 8.521438114091e-01
5.282193699517e-01 8.571723403139e-01
5.282193699517e-01 8.615269057862e-01
5.282193699517e-01 8.653108674830e-01
5.282193699517e-01 8.686091591464e-01
5.282193699517e-01 8.714920671076e-01
5.282193699517e-01 8.740181390330e-01
5.282193699517e-01 8.762364425108e-01
5.282193699517e-01 8.781883332391e-01
5.282193699517e-01 8.799088501479e-01
5.282193699517e-01 8.814278244013e-01
5.282193699517e-01 8.827707672593e-01
5.282193699517e-01 8.839595857540e-01
-2.170492211436e-01 8.850131633478e-01
-2.170492211436e-01 8.859478339976e-01
-2.170492211436e-01 8.867777715144e-01
-2.170492211436e-01 8.705384145384e-01
-2.170492211436e-01 8.305960664344e-01
-2.170492211436e-01 7.723723626547e-01
-2.170492211436e-01 6.974551752206e-01
-2.170492211436e-01 6.068291469191e-01
-2.170492211436e-01 5.015845844102e-01
-2.170492211436e-01 3.831139520773e-01
-2.170492211436e-01 2.531394327427e-01
-2.170492211436e-01 1.136583352286e-01
-2.170492211436e-01 -3.315292779636e-02
-2.170492211436e-01 -1.850487291988e-01
-2.170492211436e-01 -3.398191390485e-01
-2.170492211436e-01 -4.953785067859e-01
-2.170492211436e-01 -6.498323735936e-01
-2.170492211436e-01 -8.015217075782e-01
-2.170492211436e-01 -9.490462381785e-01
-2.170492211436e-01 -1.091270194935e+00
-2.170492211436e-01 -1.227314360180e+00
-2.170492211436e-01 -1.356538327930e+00
-2.170492211436e-01 -1.478516470256e+00
-2.170492211436e-01 -1.593010534628e+00
-2.170492211436e-01 -1.699941161697e+00
-2.170492211436e-01 -1.799360005667e+00
-2.170492211436e-01 -1.891423605309e+00
-2.170492211436e-01 -1.976369712976e+00
-2.170492211436e-01 -2.054496444808e+00
-2.170492211436e-01 -2.126144360169e+00
-2.170492211436e-01 -2.191681399899e+00
-2.170492211436e-01 -2.251490496736e+00
-2.170492211436e-01 -2.305959603346e+00
-2.170492211436e-01 -2.355473851353e+00
-2.170492211436e-01 -2.400409547972e+00
-2.170492211436e-01 -2.441129727098e+00
-2.170492211436e-01 -2.477980992325e+00
-2.170492211436e-01 -2.511291415851e+00
-2.170492211436e-01 -2.541369285914e+00
-2.170492211436e-01 -2.568502524213e+00
5.374023926153e-02 -2.592958622127e+00
5.374023926153e-02 -2.614984969591e+00
5.374023926153e-02 -2.634809472881e+00
5.374023926153e-02 -2.416114363296e+00
5.374023926153e-02 -2.010270455359e+00
5.374023926153e-02 -1.618905326957e+00
5.374023926153e-02 -1.289944099925e+00
5.374023926153e-02 -1.023607380858e+00
5.374023926153e-02 -8.092986466546e-01
5.374023926153e-02 -6.360596272103e-01
5.374023926153e-02 -4.948867701418e-01
5.374023926153e-02 -3.788298973038e-01
5.374023926153e-02 -2.826070524697e-01
5.374023926153e-02 -2.021996056675e-01
5.374023926153e-02 -1.345272626519e-01
5.374023926153e-02 -7.720604790604e-02
5.374023926153e-02 -2.837200556539e-02
5.374023926153e-02 1.344690158029e-02
5.374023926153e-02 4.942437120907e-02
5.374023926153e-02 8.050470622137e-02
5.374023926153e-02 1.074541006603e-01
5.374023926153e-02 1.308991657083e-01
5.374023926153e-02 1.513561497949e-01
5.374023926153e-02 1.692533065809e-01
5.374023926153e-02 1.849481697208e-01
5.374023926153e-02 1.987410071112e-01
5.374023926153e-02 2.108853841591e-01
5.374023926153e-02 2.215965211309e-01
5.374023926153e-02 2.310579538681e-01
5.374023926153e-02 2.394268796245e-01
5.374023926153e-02 2.468384764606e-01
5.374023926153e-02 2.534094157565e-01
5.374023926153e-02 2.592407361944e-01
5.374023926153e-02 2.644202091701e-01
5.374023926153e-02 2.690242966298e-01
5.374023926153e-02 2.731197803076e-01
5.374023926153e-02 2.767651245008e-01
5.374023926153e-02 2.800116215549e-01
5.374023926153e-02 2.829043591975e-01
5.374023926153e-02 2.854830410370e-01
-7.877987314890e-01 2.877826854272e-01
-7.877987314890e-01 2.898342230738e-01
-7.877987314890e-01 2.916650099502e-01
-7.877987314890e-01 2.110517745154e-01
-7.877987314890e-01 2.365071794684e-02
-7.877987314890e-01 -2.333003741360e-01
-7.877987314890e-01 -5.442582287849e-01
-7.877987314890e-01 -8.994359358803e-01
-7.877987314890e-01 -1.290883532083e+00
-7.877987314890e-01 -1.711221534300e+00
-7.877987314890e-01 -2.153253307373e+00
-7.877987314890e-01 -2.609948862369e+00
-7.877987314890e-01 -3.074580396264e+00
-7.877987314890e-01 -3.540895044386e+00
-7.877987314890e-01 -4.003266584192e+00
-7.877987314890e-01 -4.456801302826e+00
-7.877987314890e-01 -4.897392530178e+00
-7.877987314890e-01 -5.321728505467e+00
-7.877987314890e-01 -5.727262763708e+00
-7.877987314890e-01 -6.112157431328e+00
-7.877987314890e-01 -6.475209214282e+00
-7.877987314890e-01 -6.815766388673e+00
-7.877987314890e-01 -7.133643332290e+00
-7.877987314890e-01 -7.429037391729e+00
-7.877987314890e-01 -7.702451334113e+00
-7.877987314890e-01 -7.954623356524e+00
-7.877987314890e-01 -8.186465632365e+00
-7.877987314890e-01 -8.399011640783e+00
-7.877987314890e-01 -8.593372015873e+00
-7.877987314890e-01 -8.770698323976e+00
-7.877987314890e-01 -8.932153988924e+00
-7.877987314890e-01 -9.078891499739e+00
-7.877987314890e-01 -9.212035022509e+00
-7.877987314890e-01 -9.332667573529e+00
-7.877987314890e-01 -9.441821975598e+00
-7.877987314890e-01 -9.540474899866e+00
-7.877987314890e-01 -9.629543382174e+00
-7.877987314890e-01 -9.709883288775e+00
-7.877987314890e-01 -9.782289287673e+00
-7.877987314890e-01 -9.847495955989e+00
-5.332801358464e-01 -9.906179719828e+00
-5.332801358464e-01 -9.958961380621e+00
-5.332801358464e-01 -1.000640903115e+01
-5.332801358464e-01 -9.967758519528e+00
-5.332801358464e-01 -9.848070058809e+00
-5.332801358464e-01 -9.711198127676e+00
-5.332801358464e-01 -9.578975581117e+00
-5.332801358464e-01 -9.457966990092e+00
-5.332801358464e-01 -9.349374305325e+00
-5.332801358464e-01 -9.252617005969e+00
-5.332801358464e-01 -9.166604697348e+00
-5.332801358464e-01 -9.090177402208e+00
-5.332801358464e-01 -9.022248134310e+00
-5.332801358464e-01 -8.961840506437e+00
-5.332801358464e-01 -8.908090586393e+00
-5.332801358464e-01 -8.860237650781e+00
-5.332801358464e-01 -8.817612441536e+00
-5.332801358464e-01 -8.779625781450e+00
-5.332801358464e-01 -8.745758370731e+00
-5.332801358464e-01 -8.715551888509e+00
-5.332801358464e-01 -8.688601301905e+00
-5.332801358464e-01 -8.664548230636e+00
-5.332801358464e-01 -8.643075216017e+00
-5.332801358464e-01 -8.623900760238e+00
-5.332801358464e-01 -8.606775021482e+00
-5.332801358464e-01 -8.591476068619e+00
-5.332801358464e-01 -8.577806614685e+00
-5.332801358464e-01 -8.565591161373e+00
-5.332801358464e-01 -8.554673497442e+00
-5.332801358464e-01 -8.544914502865e+00
-5.332801358464e-01 -8.536190217835e+00
-5.332801358464e-01 -8.528390141859e+00
-5.332801358464e-01 -8.521415733250e+00
-5.332801358464e-01 -8.515179083579e+00
-5.332801358464e-01 -8.509601745199e+00
-5.332801358464e-01 -8.504613692990e+00
-5.332801358464e-01 -8.500152403998e+00
-5.332801358464e-01 -8.496162040812e+00
-5.332801358464e-01 -8.492592726379e+00
-5.332801358464e-01 -8.489399899510e+00
-8.392431697991e-01 -8.486543741713e+00
-8.392431697991e-01 -8.483988667130e+00
-8.392431697991e-01 -8.481702868378e+00
-8.392431697991e-01 -8.555847099353e+00
-8.392431697991e-01 -8.704664464377e+00
-8.392431697991e-01 -8.870551992607e+00
-8.392431697991e-01 -9.032909284370e+00
-8.392431697991e-01 -9.184756480893e+00
-8.392431697991e-01 -9.324186738125e+00
-8.392431697991e-01 -9.451169331688e+00
-8.392431697991e-01 -9.566344112236e+00
-8.392431697991e-01 -9.670565271116e+00
-8.392431697991e-01 -9.764728350672e+00
-8.392431697991e-01 -9.849704822800e+00
-8.392431697991e-01 -9.926317893576e+00
-8.392431697991e-01 -9.995334399576e+00
-8.392431697991e-01 -1.005746319375e+01
-8.392431697991e-01 -1.011335628189e+01
-8.392431697991e-01 -1.016361119641e+01
-8.392431697991e-01 -1.020877395141e+01
-8.392431697991e-01 -1.024934226387e+01
-8.392431697991e-01 -1.028576886991e+01
-8.392431697991e-01 -1.031846483297e+01
-8.392431697991e-01 -1.034780277671e+01
-8.392431697991e-01 -1.037411999824e+01
-8.392431697991e-01 -1.039772143238e+01
-8.392431697991e-01 -1.041888244872e+01
-8.392431697991e-01 -1.043785147174e+01
-8.392431697991e-01 -1.045485242007e+01
-8.392431697991e-01 -1.047008696599e+01
-8.392431697991e-01 -1.048373661916e+01
-8.392431697991e-01 -1.049596464116e+01
-8.392431697991e-01 -1.050691779901e+01
-8.392431697991e-01 -1.051672796677e+01
-8.392431697991e-01 -1.052551358475e+01
-8.392431697991e-01 -1.053338098642e+01
-8.392431697991e-01 -1.054042560262e+01
-8.392431697991e-01 -1.054673305275e+01
-8.392431697991e-01 -1.055238013213e+01
-8.392431697991e-01 -1.055743570434e+01
8.400451866165e-01 -1.056196150672e+01
8.400451866165e-01 -1.056601287688e+01
8.400451866165e-01 -1.056963940728e+01
8.400451866165e-01 -8.545318690278e+00
8.400451866165e-01 -5.552337413812e+00
8.400451866165e-01 -3.340828314810e+00
8.400451866165e-01 -1.921169895500e+00
8.400451866165e-01 -1.028694716342e+00
8.400451866165e-01 -4.584918858199e-01
8.400451866165e-01 -8.408873317511e-02
8.400451866165e-01 1.690886840822e-01
8.400451866165e-01 3.451968477344e-01
8.400451866165e-01 4.709273598651e-01
8.400451866165e-01 5.628341074753e-01
8.400451866165e-01 6.314573569738e-01
8.400451866165e-01 6.836802761364e-01
8.400451866165e-01 7.241056243746e-01
8.400451866165e-01 7.558796412625e-01
8.400451866165e-01 7.811970489658e-01
8.400451866165e-01 8.016177633662e-01
8.400451866165e-01 8.182698473100e-01
8.400451866165e-01 8.319822137198e-01
8.400451866165e-01 8.433730404721e-01
8.400451866165e-01 8.529097178757e-01
8.400451866165e-01 8.609501630586e-01
8.400451866165e-01 8.677717295546e-01
8.400451866165e-01 8.735917263815e-01
8.400451866165e-01 8.785821768646e-01
8.400451866165e-01 8.828805674506e-01
8.400451866165e-01 8.865977682140e-01
8.400451866165e-01 8.898239338703e-01
8.400451866165e-01 8.926329460575e-01
8.400451866165e-01 8.950857904066e-01
8.400451866165e-01 8.972331477354e-01
8.400451866165e-01 8.991173997996e-01
8.400451866165e-01 9.007741948911e-01
8.400451866165e-01 9.022336796281e-01
8.400451866165e-01 9.035214754817e-01
8.400451866165e-01 9.046594585654e-01
8.400451866165e-01 9.056663866472e-01
6.394514635389e-01 9.065584066698e-01
6.394514635389e-01 9.073494681663e-01
6.394514635389e-01 9.080516620715e-01
6.394514635389e-01 9.083325658028e-01
6.394514635389e-01 9.082193719553e-01
6.394514635389e-01 9.079836052601e-01
6.394514635389e-01 9.077225278471e-01
6.394514635389e-01 9.074699810784e-01
6.394514635389e-01 9.072366580296e-01
6.394514635389e-01 9.070248842831e-01
6.394514635389e-01 9.068340536109e-01
6.394514635389e-01 9.066626206454e-01
6.394514635389e-01 9.065088236302e-01
6.394514635389e-01 9.063709392252e-01
6.394514635389e-01 9.062473654837e-01
6.394514635389e-01 9.061366423025e-01
6.394514635389e-01 9.060374496534e-01
6.394514635389e-01 9.059485984225e-01
6.394514635389e-01 9.058690192753e-01
6.394514635389e-01 9.057977514970e-01
6.394514635389e-01 9.057339324737e-01
6.394514635389e-01 9.056767880086e-01
6.394514635389e-01 9.056256234988e-01
6.394514635389e-01 9.055798159331e-01
6.394514635389e-01 9.055388066543e-01
6.394514635389e-01 9.055020948229e-01
6.394514635389e-01 9.054692315225e-01
6.394514635389e-01 9.054398144474e-01
6.394514635389e-01 9.054134831197e-01
6.394514635389e-01 9.053899145860e-01
6.394514635389e-01 9.053688195476e-01
6.394514635389e-01 9.053499388821e-01
6.394514635389e-01 9.053330405193e-01
6.394514635389e-01 9.053179166356e-01
6.394514635389e-01 9.053043811356e-01
6.394514635389e-01 9.052922673923e-01
6.394514635389e-01 9.052814262201e-01
6.394514635389e-01 9.052717240567e-01
6.394514635389e-01 9.052630413331e-01
6.394514635389e-01 9.052552710125e-01
-7.392523017429e-01 9.052483172809e-01
-7.392523017429e-01 9.052420943730e-01
-7.392523017429e-01 9.052365255215e-01
-7.392523017429e-01 8.856898574449e-01
-7.392523017429e-01 8.350891791789e-01
-7.392523017429e-01 7.537261367721e-01
-7.392523017429e-01 6.377993370192e-01
-7.392523017429e-01 4.833951936053e-01
-7.392523017429e-01 2.875878366598e-01
-7.392523017429e-01 4.893966850925e-02
-7.392523017429e-01 -2.322633097401e-01
-7.392523017429e-01 -5.539877632102e-01
-7.392523017429e-01 -9.126096387530e-01
-7.392523017429e-01 -1.303204553412e+00
-7.392523017429e-01 -1.719916135593e+00
-7.392523017429e-01 -2.156348620050e+00
-7.392523017429e-01 -2.605939989548e+00
-7.392523017429e-01 -3.062285367921e+00
-7.392523017429e-01 -3.519393797866e+00
-7.392523017429e-01 -3.971872932570e+00
-7.392523017429e-01 -4.415044632522e+00
-7.392523017429e-01 -4.844999896626e+00
-7.392523017429e-01 -5.258604359831e+00
-7.392523017429e-01 -5.653466363615e+00
-7.392523017429e-01 -6.027878990362e+00
-7.392523017429e-01 -6.380746014039e+00
-7.392523017429e-01 -6.711499902324e+00
-7.392523017429e-01 -7.020018124213e+00
-7.392523017429e-01 -7.306542271069e+00
-7.392523017429e-01 -7.571602995162e+00
-7.392523017429e-01 -7.815952549032e+00
-7.392523017429e-01 -8.040505769189e+00
-7.392523017429e-01 -8.246289661450e+00
-7.392523017429e-01 -8.434401273331e+00
-7.392523017429e-01 -8.605973238986e+00
-7.392523017429e-01 -8.762146214008e+00
-7.392523017429e-01 -8.904047345733e+00
-7.392523017429e-01 -9.032773920352e+00
-7.392523017429e-01 -9.149381367978e+00
-7.392523017429e-01 -9.254874873366e+00
-6.134353930193e-01 -9.350203920301e+00
-6.134353930193e-01 -9.436259182760e+00
-6.134353930193e-01 -9.513871259840e+00
-6.134353930193e-01 -9.550050721671e+00
-6.134353930193e-01 -9.546761789367e+00
-6.134353930193e-01 -9.530694915267e+00
-6.134353930193e-01 -9.511520781999e+00
-6.134353930193e-01 -9.492623750183e+00
-6.134353930193e-01 -9.475093135084e+00
-6.134353930193e-01 -9.459192269011e+00
-6.134353930193e-01 -9.444896348455e+00
-6.134353930193e-01 -9.432088149678e+00
-6.134353930193e-01 -9.420628345344e+00
-6.134353930193e-01 -9.410379980633e+00
-6.134353930193e-01 -9.401216283301e+00
-6.134353930193e-01 -9.393022494124e+00
-6.134353930193e-01 -9.385695622679e+00
-6.134353930193e-01 -9.379143546959e+00
-6.134353930193e-01 -9.373283964699e+00
-6.134353930193e-01 -9.368043371685e+00
-6.134353930193e-01 -9.363356121636e+00
-6.134353930193e-01 -9.359163579263e+00
-6.134353930193e-01 -9.355413363316e+00
-6.134353930193e-01 -9.352058672004e+00
-6.134353930193e-01 -9.349057682311e+00
-6.134353930193e-01 -9.346373015109e+00
-6.134353930193e-01 -9.343971258728e+00
-6.134353930193e-01 -9.341822544427e+00
-6.134353930193e-01 -9.339900167964e+00
-6.134353930193e-01 -9.338180252126e+00
-6.134353930193e-01 -9.336641445689e+00
-6.134353930193e-01 -9.335264654775e+00
-6.134353930193e-01 -9.334032803070e+00
-6.134353930193e-01 -9.332930617730e+00
-6.134353930193e-01 -9.331944438187e+00
-6.134353930193e-01 -9.331062045372e+00
-6.134353930193e-01 -9.330272509136e+00
-6.134353930193e-01 -9.329566051919e+00
-6.134353930193e-01 -9.328933926910e+00
-6.134353930193e-01 -9.328368309149e+00
-8.650475651329e-03 -9.327862198178e+00
-8.650475651329e-03 -9.327409331011e+00
-8.650475651329e-03 -9.327004104325e+00
-8.650475651329e-03 -8.443651724177e+00
-8.650475651329e-03 -6.929597016475e+00
-8.650475651329e-03 -5.549510438958e+00
-8.650475651329e-03 -4.449188767429e+00
-8.650475651329e-03 -3.600516594835e+00
-8.650475651329e-03 -2.946933549582e+00
-8.650475651329e-03 -2.439013814992e+00
-8.650475651329e-03 -2.039466516945e+00
-8.650475651329e-03 -1.721220472332e+00
-8.650475651329e-03 -1.464719644138e+00
-8.650475651329e-03 -1.255733243515e+00
-8.650475651329e-03 -1.083783675646e+00
-8.650475651329e-03 -9.410558970770e-01
-8.650475651329e-03 -8.216446859732e-01
-8.650475651329e-03 -7.210319640858e-01
-8.650475651329e-03 -6.357200222522e-01
-8.650475651329e-03 -5.629710227649e-01
-8.650475651329e-03 -5.006196877462e-01
-8.650475651329e-03 -4.469369794014e-01
-8.650475651329e-03 -4.005297388054e-01
-8.650475651329e-03 -3.602659834454e-01
-8.650475651329e-03 -3.252187231886e-01
-8.650475651329e-03 -2.946232867725e-01
-8.650475651329e-03 -2.678446068846e-01
-8.650475651329e-03 -2.443519174278e-01
-8.650475651329e-03 -2.236990187443e-01
-8.650475651329e-03 -2.055087621487e-01
-8.650475651329e-03 -1.894607584451e-01
-8.650475651329e-03 -1.752815694509e-01
-8.650475651329e-03 -1.627368263223e-01
-8.650475651329e-03 -1.516248538921e-01
-8.650475651329e-03 -1.417714802862e-01
-8.650475651329e-03 -1.330257856008e-01
-8.650475651329e-03 -1.252565993403e-01
-8.650475651329e-03 -1.183495985647e-01
-8.650475651329e-03 -1.122048908472e-01
-8.650475651329e-03 -1.067349907612e-01
6.114557281190e-01 -1.018631175823e-01
6.114557281190e-01 -9.752175659948e-02
6.114557281190e-01 -9.365143788984e-02
6.114557281190e-01 7.598168293622e-03
6.114557281190e-01 1.764766039323e-01
6.114557281190e-01 3.281533747614e-01
6.114557281190e-01 4.475322760108e-01
6.114557281190e-01 5.385498425939e-01
6.114557281190e-01 6.079223740544e-01
6.114557281190e-01 6.613366214714e-01
6.114557281190e-01 7.030072916287e-01
6.114557281190e-01 7.359535156258e-01
6.114557281190e-01 7.623320975569e-01
6.114557281190e-01 7.836971704104e-01
6.114557281190e-01 8.011828533492e-01
6.114557281190e-01 8.156281996416e-01
6.114557281190e-01 8.276624667201e-01
6.114557281190e-01 8.377637552804e-01
6.114557281190e-01 8.462998025476e-01
6.114557281190e-01 8.535567264507e-01
6.114557281190e-01 8.597595430331e-01
6.114557281190e-01 8.650869965436e-01
6.114557281190e-01 8.696824078629e-01
6.114557281190e-01 8.736617008841e-01
6.114557281190e-01 8.771194050319e-01
6.114557281190e-01 8.801331899995e-01
6.114557281190e-01 8.827673246460e-01
6.114557281190e-01 8.850753393823e-01
6.114557281190e-01 8.871020932224e-01
6.114557281190e-01 8.888853918422e-01
6.114557281190e-01 8.904572641105e-01
6.114557281190e-01 8.918449767180e-01
6.114557281190e-01 8.930718464035e-01
6.114557281190e-01 8.941578946025e-01
6.114557281190e-01 8.951203785423e-01
6.114557281190e-01 8.959742248047e-01
6.114557281190e-01 8.967323853913e-01
6.114557281190e-01 8.974061318235e-01
6.114557281190e-01 8.980052993958e-01
6.114557281190e-01 8.985384910941e-01
7.364224957937e-01 8.990132486907e-01
7.364224957937e-01 8.994361969822e-01
7.364224957937e-01 8.998131659350e-01
7.364224957937e-01 9.004695676902e-01
7.364224957937e-01 9.013895971856e-01
7.364224957937e-01 9.023280730277e-01
7.364224957937e-01 9.032048938384e-01
7.364224957937e-01 9.039991065607e-01
7.364224957937e-01 9.047102155710e-01
7.364224957937e-01 9.053442487649e-01
7.364224957937e-01 9.059088235001e-01
7.364224957937e-01 9.064114624943e-01
7.364224957937e-01 9.068590733606e-01
7.364224957937e-01 9.072578370410e-01
7.364224957937e-01 9.076132333117e-01
7.364224957937e-01 9.079301064732e-01
7.364224957937e-01 9.082127375671e-01
7.364224957937e-01 9.084649121708e-01
7.364224957937e-01 9.086899808556e-01
7.364224957937e-01 9.088909121354e-01
7.364224957937e-01 9.090703385725e-01
7.364224957937e-01 9.092305968941e-01
7.364224957937e-01 9.093737629385e-01
7.364224957937e-01 9.095016821525e-01
7.364224957937e-01 9.096159962619e-01
7.364224957937e-01 9.097181666420e-01
7.364224957937e-01 9.098094948368e-01
7.364224957937e-01 9.098911406044e-01
7.364224957937e-01 9.099641378165e-01
7.364224957937e-01 9.100294084847e-01
7.364224957937e-01 9.100877751540e-01
7.364224957937e-01 9.101399718655e-01
7.364224957937e-01 9.101866538655e-01
7.364224957937e-01 9.102284062122e-01
7.364224957937e-01 9.102657514142e-01
7.364224957937e-01 9.102991562126e-01
7.364224957937e-01 9.103290376097e-01
7.364224957937e-01 9.103557682312e-01
7.364224957937e-01 9.103796810971e-01
7.364224957937e-01 9.104010738710e-01
