-4.695312438856e-01 0.000000000000e+00
-4.695312438856e-01 0.000000000000e+00
-4.695312438856e-01 0.000000000000e+00
-4.695312438856e-01 0.000000000000e+00
-4.695312438856e-01 0.000000000000e+00
-4.695312438856e-01 0.000000000000e+00
-4.695312438856e-01 0.000000000000e+00
-4.695312438856e-01 0.000000000000e+00
-4.695312438856e-01 0.000000000000e+00
-4.695312438856e-01 -8.808685119473e-02
-4.695312438856e-01 -2.832920711913e-01
-4.695312438856e-01 -5.372518604417e-01
-4.695312438856e-01 -8.288421757933e-01
-4.695312438856e-01 -1.145900020426e+00
-4.695312438856e-01 -1.480006111666e+00
-4.695312438856e-01 -1.824549544788e+00
-4.695312438856e-01 -2.173955028824e+00
-4.695312438856e-01 -2.523394214506e+00
-4.695312438856e-01 -2.868696125628e+00
-4.695312438856e-01 -3.206326029594e+00
-4.695312438856e-01 -3.533375161318e+00
-4.695312438856e-01 -3.847539535109e+00
-4.695312438856e-01 -4.147082916176e+00
-4.695312438856e-01 -4.430786172222e+00
-4.695312438856e-01 -4.697887604162e+00
-4.695312438856e-01 -4.948019025007e+00
-4.695312438856e-01 -5.181141616440e+00
-4.695312438856e-01 -5.397484580174e+00
-4.695312438856e-01 -5.597488611882e+00
-4.695312438856e-01 -5.781755382001e+00
-4.695312438856e-01 -5.951003546245e+00
-4.695312438856e-01 -6.106031323899e+00
-4.695312438856e-01 -6.247685350362e+00
-4.695312438856e-01 -6.376835302578e+00
-4.695312438856e-01 -6.494353683109e+00
-4.695312438856e-01 -6.601100104745e+00
-4.695312438856e-01 -6.697909421677e+00
-4.695312438856e-01 -6.785583088362e+00
-4.695312438856e-01 -6.864883180730e+00
-4.695312438856e-01 -6.936528576967e+00
-2.116159861030e-01 -7.001192860404e+00
-2.116159861030e-01 -7.059503570688e+00
-2.116159861030e-01 -7.112042488893e+00
-2.116159861030e-01 -6.894938804846e+00
-2.116159861030e-01 -6.441233402672e+00
-2.116159861030e-01 -5.967333012677e+00
-2.116159861030e-01 -5.537950940659e+00
-2.116159861030e-01 -5.165480840694e+00
-2.116159861030e-01 -4.846466776203e+00
-2.116159861030e-01 -4.573708812202e+00
-2.116159861030e-01 -4.339978126216e+00
-2.116159861030e-01 -4.138984890520e+00
-2.116159861030e-01 -3.965492299786e+00
-2.116159861030e-01 -3.815195033874e+00
-2.116159861030e-01 -3.684556579015e+00
-2.116159861030e-01 -3.570661119354e+00
-2.116159861030e-01 -3.471091638238e+00
-2.116159861030e-01 -3.383832893043e+00
-2.116159861030e-01 -3.307194921568e+00
-2.116159861030e-01 -3.239752727948e+00
-2.116159861030e-01 -3.180298527677e+00
-2.116159861030e-01 -3.127803717117e+00
-2.116159861030e-01 -3.081388394098e+00
-2.116159861030e-01 -3.040296772074e+00
-2.116159861030e-01 -3.003877221866e+00
-2.116159861030e-01 -2.971565969859e+00
-2.116159861030e-01 -2.942873703522e+00
-2.116159861030e-01 -2.917374502909e+00
-2.116159861030e-01 -2.894696644211e+00
-2.116159861030e-01 -2.874514918851e+00
-2.116159861030e-01 -2.856544186420e+00
-2.116159861030e-01 -2.840533937628e+00
-2.116159861030e-01 -2.826263688455e+00
-2.116159861030e-01 -2.813539061818e+00
-2.116159861030e-01 -2.802188440773e+00
-2.116159861030e-01 -2.792060099078e+00
-2.116159861030e-01 -2.783019732328e+00
-2.116159861030e-01 -2.774948326682e+00
-2.116159861030e-01 -2.767740313349e+00
-2.116159861030e-01 -2.761301965916e+00
1.701215666580e-01 -2.755550004851e+00
1.701215666580e-01 -2.750410379408e+00
1.701215666580e-01 -2.745817201949e+00
1.701215666580e-01 -2.404824065174e+00
1.701215666580e-01 -1.828643500526e+00
1.701215666580e-01 -1.309692843617e+00
1.701215666580e-01 -9.006848919590e-01
1.701215666580e-01 -5.885660692371e-01
1.701215666580e-01 -3.505093860434e-01
1.701215666580e-01 -1.671104401645e-01
1.701215666580e-01 -2.396312911802e-02
1.701215666580e-01 8.926275529501e-02
1.701215666580e-01 1.799524319601e-01
1.701215666580e-01 2.534307273296e-01
1.701215666580e-01 3.135854524157e-01
1.701215666580e-01 3.632942800768e-01
1.701215666580e-01 4.047162854301e-01
1.701215666580e-01 4.394925553939e-01
1.701215666580e-01 4.688858182405e-01
1.701215666580e-01 4.938788762560e-01
1.701215666580e-01 5.152448960055e-01
1.701215666580e-01 5.335982343558e-01
1.701215666580e-01 5.494316320009e-01
1.701215666580e-01 5.631437410921e-01
1.701215666580e-01 5.750597183587e-01
1.701215666580e-01 5.854467873627e-01
1.701215666580e-01 5.945261121035e-01
1.701215666580e-01 6.024819388652e-01
1.701215666580e-01 6.094686956937e-01
1.701215666580e-01 6.156165511331e-01
1.701215666580e-01 6.210358006935e-01
1.701215666580e-01 6.258203541383e-01
1.701215666580e-01 6.300505277119e-01
1.701215666580e-01 6.337952951133e-01
1.701215666580e-01 6.371141139978e-01
1.701215666580e-01 6.400584173314e-01
1.701215666580e-01 6.426728383922e-01
1.701215666580e-01 6.449962227630e-01
1.701215666580e-01 6.470624689387e-01
1.701215666580e-01 6.489012302298e-01
3.317082041557e-02 6.505385037739e-01
3.317082041557e-02 6.519971271592e-01
3.317082041557e-02 6.532971990366e-01
3.317082041557e-02 6.425289491078e-01
3.317082041557e-02 6.191569239647e-01
3.317082041557e-02 5.915823118184e-01
3.317082041557e-02 5.630977762843e-01
3.317082041557e-02 5.350968318086e-01
3.317082041557e-02 5.081985791899e-01
3.317082041557e-02 4.826868599133e-01
3.317082041557e-02 4.586897599739e-01
3.317082041557e-02 4.362554916700e-01
3.317082041557e-02 4.153862446344e-01
3.317082041557e-02 3.960548084110e-01
3.317082041557e-02 3.782139443613e-01
3.317082041557e-02 3.618024974007e-01
3.317082041557e-02 3.467498440373e-01
3.317082041557e-02 3.329793305464e-01
3.317082041557e-02 3.204109905764e-01
3.317082041557e-02 3.089636927499e-01
3.317082041557e-02 2.985568158892e-01
3.317082041557e-02 2.891115278348e-01
3.317082041557e-02 2.805517328420e-01
3.317082041557e-02 2.728047448420e-01
3.317082041557e-02 2.658017370486e-01
3.317082041557e-02 2.594780118871e-01
3.317082041557e-02 2.537731290031e-01
3.317082041557e-02 2.486309232929e-01
3.317082041557e-02 2.439994396023e-01
3.317082041557e-02 2.398308060191e-01
3.317082041557e-02 2.360810635735e-01
3.317082041557e-02 2.327099666209e-01
3.317082041557e-02 2.296807651978e-01
3.317082041557e-02 2.269599781412e-01
3.317082041557e-02 2.245171637057e-01
3.317082041557e-02 2.223246927293e-01
3.317082041557e-02 2.203575280413e-01
3.317082041557e-02 2.185930127224e-01
3.317082041557e-02 2.170106689658e-01
3.317082041557e-02 2.155920086238e-01
7.019787244042e-01 2.143203560026e-01
7.019787244042e-01 2.131806830822e-01
7.019787244042e-01 2.121594570431e-01
7.019787244042e-01 2.756936662695e-01
7.019787244042e-01 3.862175270064e-01
7.019787244042e-01 4.880400795705e-01
7.019787244042e-01 5.700357236421e-01
7.019787244042e-01 6.338600831881e-01
7.019787244042e-01 6.834211687719e-01
7.019787244042e-01 7.222239519441e-01
7.019787244042e-01 7.529515016569e-01
7.019787244042e-01 7.775728235248e-01
7.019787244042e-01 7.975233084164e-01
7.019787244042e-01 8.138559027949e-01
7.019787244042e-01 8.273515112395e-01
7.019787244042e-01 8.385964959509e-01
7.019787244042e-01 8.480366651487e-01
7.019787244042e-01 8.560150618243e-01
7.019787244042e-01 8.627986708837e-01
7.019787244042e-01 8.685975118733e-01
7.019787244042e-01 8.735784509575e-01
7.019787244042e-01 8.778753097538e-01
7.019787244042e-01 8.815963471317e-01
7.019787244042e-01 8.848298559621e-01
7.019787244042e-01 8.876483922537e-01
7.019787244042e-01 8.901120015894e-01
7.019787244042e-01 8.922707030336e-01
7.019787244042e-01 8.941664179403e-01
7.019787244042e-01 8.958344800395e-01
7.019787244042e-01 8.973048269663e-01
7.019787244042e-01 8.986029474643e-01
7.019787244042e-01 8.997506397418e-01
7.019787244042e-01 9.007666227824e-01
7.019787244042e-01 9.016670323444e-01
7.019787244042e-01 9.024658259211e-01
7.019787244042e-01 9.031751153558e-01
7.019787244042e-01 9.038054416031e-01
7.019787244042e-01 9.043660029442e-01
7.019787244042e-01 9.048648455364e-01
7.019787244042e-01 9.053090233058e-01
-2.435789381357e-01 9.057047327537e-01
-2.435789381357e-01 9.060574271254e-01
-2.435789381357e-01 9.063719135119e-01
-2.435789381357e-01 8.913688528128e-01
-2.435789381357e-01 8.542863688954e-01
-2.435789381357e-01 7.989491642061e-01
-2.435789381357e-01 7.259347266343e-01
-2.435789381357e-01 6.354749084471e-01
-2.435789381357e-01 5.280973192410e-01
-2.435789381357e-01 4.048087040872e-01
-2.435789381357e-01 2.671196336279e-01
-2.435789381357e-01 1.169826886561e-01
-2.435789381357e-01 -4.331990104620e-02
-2.435789381357e-01 -2.113110958295e-01
-2.435789381357e-01 -3.844544225673e-01
-2.435789381357e-01 -5.602747617405e-01
-2.435789381357e-01 -7.364558909480e-01
-2.435789381357e-01 -9.109114278753e-01
-2.435789381357e-01 -1.081829645545e+00
-2.435789381357e-01 -1.247695059661e+00
-2.435789381357e-01 -1.407290951419e+00
-2.435789381357e-01 -1.559687384904e+00
-2.435789381357e-01 -1.704219090817e+00
-2.435789381357e-01 -1.840457057719e+00
-2.435789381357e-01 -1.968176981698e+00
-2.435789381357e-01 -2.087327003214e+00
-2.435789381357e-01 -2.197996486150e+00
-2.435789381357e-01 -2.300387012004e+00
-2.435789381357e-01 -2.394786288707e+00
-2.435789381357e-01 -2.481545308344e+00
-2.435789381357e-01 -2.561058820966e+00
-2.435789381357e-01 -2.633749007606e+00
-2.435789381357e-01 -2.700052118328e+00
-2.435789381357e-01 -2.760407774982e+00
-2.435789381357e-01 -2.815250609828e+00
-2.435789381357e-01 -2.865003908863e+00
-2.435789381357e-01 -2.910074943657e+00
-2.435789381357e-01 -2.950851700906e+00
-2.435789381357e-01 -2.987700749788e+00
-2.435789381357e-01 -3.020966019964e+00
5.687867536064e-01 -3.050968295425e+00
5.687867536064e-01 -3.078005259873e+00
5.687867536064e-01 -3.102351956982e+00
5.687867536064e-01 -2.558896811091e+00
5.687867536064e-01 -1.680599539618e+00
5.687867536064e-01 -9.639439749227e-01
5.687867536064e-01 -4.556279263653e-01
5.687867536064e-01 -1.047714025532e-01
5.687867536064e-01 1.393084747815e-01
5.687867536064e-01 3.123500536517e-01
5.687867536064e-01 4.376973380822e-01
5.687867536064e-01 5.304285196535e-01
5.687867536064e-01 6.003854870510e-01
5.687867536064e-01 6.541084144398e-01
5.687867536064e-01 6.960309656177e-01
5.687867536064e-01 7.292190109821e-01
5.687867536064e-01 7.558330932291e-01
5.687867536064e-01 7.774230047422e-01
5.687867536064e-01 7.951189350745e-01
5.687867536064e-01 8.097578022874e-01
5.687867536064e-01 8.219682295922e-01
5.687867536064e-01 8.322286638953e-01
5.687867536064e-01 8.409077512495e-01
5.687867536064e-01 8.482927998071e-01
5.687867536064e-01 8.546101220964e-01
5.687867536064e-01 8.600397616256e-01
5.687867536064e-01 8.647262834759e-01
5.687867536064e-01 8.687867710379e-01
5.687867536064e-01 8.723168158823e-01
5.687867536064e-01 8.753950498277e-01
5.687867536064e-01 8.780866068115e-01
5.687867536064e-01 8.804457912344e-01
5.687867536064e-01 8.825181523528e-01
5.687867536064e-01 8.843421101117e-01
5.687867536064e-01 8.859502393358e-01
5.687867536064e-01 8.873702916070e-01
5.687867536064e-01 8.886260141838e-01
5.687867536064e-01 8.897378107307e-01
5.687867536064e-01 8.907232778815e-01
5.687867536064e-01 8.915976436831e-01
-4.010321369399e-01 8.923741279992e-01
-4.010321369399e-01 8.930642404542e-01
-4.010321369399e-01 8.936780280845e-01
-4.010321369399e-01 8.747843579152e-01
-4.010321369399e-01 8.266698455506e-01
-4.010321369399e-01 7.523688590789e-01
-4.010321369399e-01 6.508978054089e-01
-4.010321369399e-01 5.210595816724e-01
-4.010321369399e-01 3.623372327077e-01
-4.010321369399e-01 1.751947815905e-01
-4.010321369399e-01 -3.884670089462e-02
-4.010321369399e-01 -2.772775207282e-01
-4.010321369399e-01 -5.367693431629e-01
-4.010321369399e-01 -8.134051960833e-01
-4.010321369399e-01 -1.102930781733e+00
-4.010321369399e-01 -1.400995922577e+00
-4.010321369399e-01 -1.703364707667e+00
-4.010321369399e-01 -2.006082445219e+00
-4.010321369399e-01 -2.305595469548e+00
-4.010321369399e-01 -2.598825654884e+00
-4.010321369399e-01 -2.883205169483e+00
-4.010321369399e-01 -3.156678878463e+00
-4.010321369399e-01 -3.417682310994e+00
-4.010321369399e-01 -3.665102689842e+00
-4.010321369399e-01 -3.898229561600e+00
-4.010321369399e-01 -4.116700360993e+00
-4.010321369399e-01 -4.320444999928e+00
-4.010321369399e-01 -4.509632421788e+00
-4.010321369399e-01 -4.684621073147e+00
-4.010321369399e-01 -4.845914444525e+00
-4.010321369399e-01 -4.994122216823e+00
-4.010321369399e-01 -5.129927101942e+00
-4.010321369399e-01 -5.254057158916e+00
-4.010321369399e-01 -5.367263172292e+00
-4.010321369399e-01 -5.470300571243e+00
-4.010321369399e-01 -5.563915322612e+00
-4.010321369399e-01 -5.648833229717e+00
-4.010321369399e-01 -5.725752096071e+00
-4.010321369399e-01 -5.795336257804e+00
-4.010321369399e-01 -5.858213041972e+00
6.528744503171e-01 -5.914970764383e+00
6.528744503171e-01 -5.966157935988e+00
6.528744503171e-01 -6.012283398949e+00
6.528744503171e-01 -4.941030089390e+00
6.528744503171e-01 -3.269906309190e+00
6.528744503171e-01 -1.971602895139e+00
6.528744503171e-01 -1.096160584805e+00
6.528744503171e-01 -5.200681411233e-01
6.528744503171e-01 -1.363984861372e-01
6.528744503171e-01 1.251149840289e-01
6.528744503171e-01 3.079786094198e-01
6.528744503171e-01 4.390493810381e-01
6.528744503171e-01 5.351708895549e-01
6.528744503171e-01 6.071410723803e-01
6.528744503171e-01 6.620448949526e-01
6.528744503171e-01 7.046376021302e-01
6.528744503171e-01 7.381797753596e-01
6.528744503171e-01 7.649521127702e-01
6.528744503171e-01 7.865796271826e-01
6.528744503171e-01 8.042400964920e-01
6.528744503171e-01 8.188007531090e-01
6.528744503171e-01 8.309095873758e-01
6.528744503171e-01 8.410573971869e-01
6.528744503171e-01 8.496206424445e-01
6.528744503171e-01 8.568914916884e-01
6.528744503171e-01 8.630991875612e-01
6.528744503171e-01 8.684254409249e-01
6.528744503171e-01 8.730156604818e-01
6.528744503171e-01 8.769872401406e-01
6.528744503171e-01 8.804357421775e-01
6.528744503171e-01 8.834395581949e-01
6.528744503171e-01 8.860634569485e-01
6.528744503171e-01 8.883613098496e-01
6.528744503171e-01 8.903782030960e-01
6.528744503171e-01 8.921520881041e-01
6.528744503171e-01 8.937150813929e-01
6.528744503171e-01 8.950944961163e-01
6.528744503171e-01 8.963136665561e-01
6.528744503171e-01 8.973926116807e-01
6.528744503171e-01 8.983485727140e-01
6.088647882495e-02 8.991964513912e-01
6.088647882495e-02 8.999491694147e-01
6.088647882495e-02 9.006179649890e-01
6.088647882495e-02 8.933417167045e-01
6.088647882495e-02 8.767643112849e-01
6.088647882495e-02 8.555025953171e-01
6.088647882495e-02 8.315428416634e-01
6.088647882495e-02 8.059700728281e-01
6.088647882495e-02 7.794842943765e-01
6.088647882495e-02 7.525974230364e-01
6.088647882495e-02 7.257149951194e-01
6.088647882495e-02 6.991700092918e-01
6.088647882495e-02 6.732368317538e-01
6.088647882495e-02 6.481375622406e-01
6.088647882495e-02 6.240461936527e-01
6.088647882495e-02 6.010926133510e-01
6.088647882495e-02 5.793670262238e-01
6.088647882495e-02 5.589247807715e-01
6.088647882495e-02 5.397913815952e-01
6.088647882495e-02 5.219674475396e-01
6.088647882495e-02 5.054334170780e-01
6.088647882495e-02 4.901538626733e-01
6.088647882495e-02 4.760813331512e-01
6.088647882495e-02 4.631596900424e-01
6.088647882495e-02 4.513269388364e-01
6.088647882495e-02 4.405175801181e-01
6.088647882495e-02 4.306645205357e-01
6.088647882495e-02 4.217005915390e-01
6.088647882495e-02 4.135597267221e-01
6.088647882495e-02 4.061778479704e-01
6.088647882495e-02 3.994935077126e-01
6.088647882495e-02 3.934483303553e-01
6.088647882495e-02 3.879872911068e-01
6.088647882495e-02 3.830588653727e-01
6.088647882495e-02 3.786150770249e-01
6.088647882495e-02 3.746114693041e-01
6.088647882495e-02 3.710070180273e-01
6.088647882495e-02 3.677640031616e-01
6.088647882495e-02 3.648478517090e-01
6.088647882495e-02 3.622269621955e-01
-6.809503890020e-01 3.598725188300e-01
-6.809503890020e-01 3.577583015548e-01
-6.809503890020e-01 3.558604966941e-01
-6.809503890020e-01 2.790692872233e-01
-6.809503890020e-01 1.040495617540e-01
-6.809503890020e-01 -1.359797750125e-01
-6.809503890020e-01 -4.271425209785e-01
-6.809503890020e-01 -7.606105476438e-01
-6.809503890020e-01 -1.129100721609e+00
-6.809503890020e-01 -1.525753761558e+00
-6.809503890020e-01 -1.943804319706e+00
-6.809503890020e-01 -2.376587301045e+00
-6.809503890020e-01 -2.817681648584e+00
-6.809503890020e-01 -3.261086557196e+00
-6.809503890020e-01 -3.701375970016e+00
-6.809503890020e-01 -4.133808023312e+00
-6.809503890020e-01 -4.554384158551e+00
-6.809503890020e-01 -4.959862296269e+00
-6.809503890020e-01 -5.347732859604e+00
-6.809503890020e-01 -5.716167673280e+00
-6.809503890020e-01 -6.063951248301e+00
-6.809503890020e-01 -6.390402586047e+00
-6.809503890020e-01 -6.695293946737e+00
-6.809503890020e-01 -6.978771346542e+00
-6.809503890020e-01 -7.241280045825e+00
-6.809503890020e-01 -7.483497042850e+00
-6.809503890020e-01 -7.706271608767e+00
-6.809503890020e-01 -7.910574173164e+00
-6.809503890020e-01 -8.097453360529e+00
-6.809503890020e-01 -8.268000646365e+00
-6.809503890020e-01 -8.423321907773e+00
-6.809503890020e-01 -8.564515051629e+00
-6.809503890020e-01 -8.692652884029e+00
-6.809503890020e-01 -8.808770413606e+00
-6.809503890020e-01 -8.913855840236e+00
-6.809503890020e-01 -9.008844555877e+00
-6.809503890020e-01 -9.094615566223e+00
-6.809503890020e-01 -9.171989823901e+00
-6.809503890020e-01 -9.241730041964e+00
-6.809503890020e-01 -9.304541627878e+00
6.681204404068e-02 -9.361074442036e+00
6.681204404068e-02 -9.411925140449e+00
6.681204404068e-02 -9.457639909101e+00
6.681204404068e-02 -8.390640020594e+00
6.681204404068e-02 -6.577687435356e+00
6.681204404068e-02 -4.988108448027e+00
6.681204404068e-02 -3.773616399121e+00
6.681204404068e-02 -2.874375971438e+00
6.681204404068e-02 -2.207362963525e+00
6.681204404068e-02 -1.706308811229e+00
6.681204404068e-02 -1.324005231123e+00
6.681204404068e-02 -1.027707781959e+00
6.681204404068e-02 -7.946726325021e-01
6.681204404068e-02 -6.089197748032e-01
6.681204404068e-02 -4.590532883351e-01
6.681204404068e-02 -3.368186844289e-01
6.681204404068e-02 -2.361452196481e-01
6.681204404068e-02 -1.525031772923e-01
6.681204404068e-02 -8.246652980149e-02
6.681204404068e-02 -2.341098575677e-02
6.681204404068e-02 2.669751010954e-02
6.681204404068e-02 6.945298125081e-02
6.681204404068e-02 1.061174997381e-01
6.681204404068e-02 1.376999240715e-01
6.681204404068e-02 1.650139328577e-01
6.681204404068e-02 1.887212706993e-01
6.681204404068e-02 2.093643098717e-01
6.681204404068e-02 2.273908084188e-01
6.681204404068e-02 2.431729099390e-01
6.681204404068e-02 2.570218529301e-01
6.681204404068e-02 2.691994539402e-01
6.681204404068e-02 2.799271436073e-01
6.681204404068e-02 2.893931311346e-01
6.681204404068e-02 2.977581260894e-01
6.681204404068e-02 3.051599397502e-01
6.681204404068e-02 3.117172099948e-01
6.681204404068e-02 3.175324358562e-01
6.681204404068e-02 3.226944647445e-01
6.681204404068e-02 3.272805429394e-01
6.681204404068e-02 3.313580154678e-01
-2.899758083233e-01 3.349857428229e-01
-2.899758083233e-01 3.382152876922e-01
-2.899758083233e-01 3.410919138390e-01
-2.899758083233e-01 2.869021357561e-01
-2.899758083233e-01 1.643337111156e-01
-2.899758083233e-01 5.249008973197e-03
-2.899758083233e-01 -1.765294377114e-01
-2.899758083233e-01 -3.731771515575e-01
-2.899758083233e-01 -5.793946845337e-01
-2.899758083233e-01 -7.911088703402e-01
-2.899758083233e-01 -1.004946847421e+00
-2.899758083233e-01 -1.218031473521e+00
-2.899758083233e-01 -1.427909586036e+00
-2.899758083233e-01 -1.632527563532e+00
-2.899758083233e-01 -1.830216773948e+00
-2.899758083233e-01 -2.019674694838e+00
-2.899758083233e-01 -2.199938223253e+00
-2.899758083233e-01 -2.370350190026e+00
-2.899758083233e-01 -2.530521582068e+00
-2.899758083233e-01 -2.680292101250e+00
-2.899758083233e-01 -2.819691264933e+00
-2.899758083233e-01 -2.948901671501e+00
-2.899758083233e-01 -3.068225490679e+00
-2.899758083233e-01 -3.178054763418e+00
-2.899758083233e-01 -3.278845728613e+00
-2.899758083233e-01 -3.371097128841e+00
-2.899758083233e-01 -3.455332269898e+00
-2.899758083233e-01 -3.532084501334e+00
-2.899758083233e-01 -3.601885730544e+00
-2.899758083233e-01 -3.665257566273e+00
-2.899758083233e-01 -3.722704696606e+00
-2.899758083233e-01 -3.774710132099e+00
-2.899758083233e-01 -3.821731979586e+00
-2.899758083233e-01 -3.864201451320e+00
-2.899758083233e-01 -3.902521853954e+00
-2.899758083233e-01 -3.937068340106e+00
-2.899758083233e-01 -3.968188240654e+00
-2.899758083233e-01 -3.996201827637e+00
-2.899758083233e-01 -4.021403385464e+00
-2.899758083233e-01 -4.044062492151e+00
-2.341049053865e-02 -4.064425432635e+00
-2.341049053865e-02 -4.082716683287e+00
-2.341049053865e-02 -4.099140420797e+00
-2.341049053865e-02 -3.821998005518e+00
-2.341049053865e-02 -3.309836426584e+00
-2.341049053865e-02 -2.809537273186e+00
-2.341049053865e-02 -2.382660704251e+00
-2.341049053865e-02 -2.031975624433e+00
-2.341049053865e-02 -1.745972088583e+00
-2.341049053865e-02 -1.511940132057e+00
-2.341049053865e-02 -1.319122678848e+00
-2.341049053865e-02 -1.159041748695e+00
-2.341049053865e-02 -1.025143697243e+00
-2.341049053865e-02 -9.123673206797e-01
-2.341049053865e-02 -8.167803304816e-01
-2.341049053865e-02 -7.353012383184e-01
-2.341049053865e-02 -6.654927792897e-01
-2.341049053865e-02 -6.054094008125e-01
-2.341049053865e-02 -5.534842863539e-01
-2.341049053865e-02 -5.084450582081e-01
-2.341049053865e-02 -4.692503310265e-01
-2.341049053865e-02 -4.350415242744e-01
-2.341049053865e-02 -4.051059340610e-01
-2.341049053865e-02 -3.788481865032e-01
-2.341049053865e-02 -3.557679854360e-01
-2.341049053865e-02 -3.354426276612e-01
-2.341049053865e-02 -3.175131591365e-01
-2.341049053865e-02 -3.016733337445e-01
-2.341049053865e-02 -2.876607456578e-01
-2.341049053865e-02 -2.752496597052e-01
-2.341049053865e-02 -2.642451774231e-01
-2.341049053865e-02 -2.544784608056e-01
-2.341049053865e-02 -2.458027989997e-01
-2.341049053865e-02 -2.380903509591e-01
-2.341049053865e-02 -2.312294333932e-01
-2.341049053865e-02 -2.251222511461e-01
-2.341049053865e-02 -2.196829885575e-01
-2.341049053865e-02 -2.148361969428e-01
-2.341049053865e-02 -2.105154262619e-01
-2.341049053865e-02 -2.066620591685e-01
1.398855169024e-01 -2.032243136159e-01
1.398855169024e-01 -2.001563865078e-01
1.398855169024e-01 -1.974177159104e-01
1.398855169024e-01 -1.454311940050e-01
1.398855169024e-01 -5.252405211283e-02
1.398855169024e-01 4.018110380287e-02
1.398855169024e-01 1.215437616338e-01
1.398855169024e-01 1.902962064223e-01
1.398855169024e-01 2.478623458065e-01
1.398855169024e-01 2.961091075379e-01
1.398855169024e-01 3.367262192996e-01
1.398855169024e-01 3.711066601141e-01
1.398855169024e-01 4.003670468298e-01
1.398855169024e-01 4.253975046411e-01
1.398855169024e-01 4.469097590313e-01
1.398855169024e-01 4.654764757666e-01
1.398855169024e-01 4.815618274366e-01
1.398855169024e-01 4.955448773377e-01
1.398855169024e-01 5.077374411425e-01
1.398855169024e-01 5.183977887080e-01
1.398855169024e-01 5.277412245913e-01
1.398855169024e-01 5.359483195102e-01
1.398855169024e-01 5.431713634121e-01
1.398855169024e-01 5.495394626278e-01
1.398855169024e-01 5.551625955354e-01
1.398855169024e-01 5.601348623224e-01
1.398855169024e-01 5.645371066374e-01
1.398855169024e-01 5.684390442777e-01
1.398855169024e-01 5.719010023724e-01
1.398855169024e-01 5.749753488113e-01
1.398855169024e-01 5.777076737943e-01
1.398855169024e-01 5.801377718180e-01
1.398855169024e-01 5.823004620591e-01
1.398855169024e-01 5.842262771527e-01
1.398855169024e-01 5.859420442071e-01
1.398855169024e-01 5.874713771122e-01
1.398855169024e-01 5.888350954531e-01
1.398855169024e-01 5.900515823948e-01
1.398855169024e-01 5.911370915819e-01
1.398855169024e-01 5.921060112443e-01
6.558825782760e-01 5.929710922274e-01
6.558825782760e-01 5.937436454806e-01
6.558825782760e-01 5.944337135849e-01
6.558825782760e-01 6.174917458643e-01
6.558825782760e-01 6.582933297504e-01
6.558825782760e-01 6.978903347683e-01
6.558825782760e-01 7.316203739970e-01
6.558825782760e-01 7.593228277329e-01
6.558825782760e-01 7.819202780661e-01
6.558825782760e-01 8.004178062791e-01
6.558825782760e-01 8.156635392490e-01
6.558825782760e-01 8.283254531581e-01
6.558825782760e-01 8.389199386429e-01
6.558825782760e-01 8.478459235807e-01
6.558825782760e-01 8.554134863893e-01
6.558825782760e-01 8.618657251160e-01
6.558825782760e-01 8.673949997731e-01
6.558825782760e-01 8.721549267102e-01
6.558825782760e-01 8.762692671404e-01
6.558825782760e-01 8.798385621531e-01
6.558825782760e-01 8.829451287442e-01
6.558825782760e-01 8.856568559133e-01
6.558825782760e-01 8.880301149687e-01
6.558825782760e-01 8.901120101675e-01
6.558825782760e-01 8.919421337620e-01
6.558825782760e-01 8.935539455216e-01
6.558825782760e-01 8.949758653620e-01
6.558825782760e-01 8.962321450654e-01
6.558825782760e-01 8.973435686098e-01
6.558825782760e-01 8.983280185669e-01
6.558825782760e-01 8.992009371142e-01
6.558825782760e-01 8.999757035675e-01
6.558825782760e-01 9.006639453666e-01
6.558825782760e-01 9.012757956810e-01
6.558825782760e-01 9.018201079422e-01
6.558825782760e-01 9.023046354197e-01
6.558825782760e-01 9.027361822681e-01
6.558825782760e-01 9.031207311666e-01
6.558825782760e-01 9.034635516502e-01
6.558825782760e-01 9.037692924357e-01
-5.815069145437e-01 9.040420604142e-01
-5.815069145437e-01 9.042854884843e-01
-5.815069145437e-01 9.045027940022e-01
-5.815069145437e-01 8.854944521976e-01
-5.815069145437e-01 8.363734410182e-01
-5.815069145437e-01 7.580879729095e-01
-5.815069145437e-01 6.475983924854e-01
-5.815069145437e-01 5.017546384251e-01
-5.815069145437e-01 3.183219513582e-01
-5.815069145437e-01 9.641610847054e-02
-5.815069145437e-01 -1.633129924601e-01
-5.815069145437e-01 -4.586888894642e-01
-5.815069145437e-01 -7.861725885819e-01
-5.815069145437e-01 -1.141137773478e+00
-5.815069145437e-01 -1.518206252307e+00
-5.815069145437e-01 -1.911596571510e+00
-5.815069145437e-01 -2.315448797041e+00
-5.815069145437e-01 -2.724100832810e+00
-5.815069145437e-01 -3.132303489667e+00
-5.815069145437e-01 -3.535371243647e+00
-5.815069145437e-01 -3.929272620570e+00
-5.815069145437e-01 -4.310668465713e+00
-5.815069145437e-01 -4.676908421132e+00
-5.815069145437e-01 -5.025996305596e+00
-5.815069145437e-01 -5.356534339661e+00
-5.815069145437e-01 -5.667654767310e+00
-5.815069145437e-01 -5.958945768064e+00
-5.815069145437e-01 -6.230376886527e+00
-5.815069145437e-01 -6.482227687903e+00
-5.815069145437e-01 -6.715022058503e+00
-5.815069145437e-01 -6.929469536259e+00
-5.815069145437e-01 -7.126414269398e+00
-5.815069145437e-01 -7.306791634039e+00
-5.815069145437e-01 -7.471592157270e+00
-5.815069145437e-01 -7.621832153491e+00
-5.815069145437e-01 -7.758530353320e+00
-5.815069145437e-01 -7.882689755815e+00
-5.815069145437e-01 -7.995283941391e+00
-5.815069145437e-01 -8.097247124962e+00
-5.815069145437e-01 -8.189467291976e+00
-5.867127357920e-01 -8.272781833389e+00
-5.867127357920e-01 -8.347975171850e+00
-5.867127357920e-01 -8.415777945591e+00
-5.867127357920e-01 -8.478850481749e+00
-5.867127357920e-01 -8.537763015996e+00
-5.867127357920e-01 -8.591573010143e+00
-5.867127357920e-01 -8.640270939951e+00
-5.867127357920e-01 -8.684164265021e+00
-5.867127357920e-01 -8.723650649751e+00
-5.867127357920e-01 -8.759135691713e+00
-5.867127357920e-01 -8.791004270046e+00
-5.867127357920e-01 -8.819611741708e+00
-5.867127357920e-01 -8.845282431260e+00
-5.867127357920e-01 -8.868310742608e+00
-5.867127357920e-01 -8.888963150769e+00
-5.867127357920e-01 -8.907480422194e+00
-5.867127357920e-01 -8.924079819663e+00
-5.867127357920e-01 -8.938957201308e+00
-5.867127357920e-01 -8.952288982159e+00
-5.867127357920e-01 -8.964233949801e+00
-5.867127357920e-01 -8.974934935288e+00
-5.867127357920e-01 -8.984520344676e+00
-5.867127357920e-01 -8.993105558416e+00
-5.867127357920e-01 -9.000794206759e+00
-5.867127357920e-01 -9.007679329630e+00
-5.867127357920e-01 -9.013844429467e+00
-5.867127357920e-01 -9.019364425358e+00
-5.867127357920e-01 -9.024306516473e+00
-5.867127357920e-01 -9.028730962450e+00
-5.867127357920e-01 -9.032691787940e+00
-5.867127357920e-01 -9.036237418046e+00
-5.867127357920e-01 -9.039411250954e+00
-5.867127357920e-01 -9.042252173560e+00
-5.867127357920e-01 -9.044795025449e+00
-5.867127357920e-01 -9.047071016159e+00
-5.867127357920e-01 -9.049108100218e+00
-5.867127357920e-01 -9.050931314073e+00
-5.867127357920e-01 -9.052563078656e+00
-5.867127357920e-01 -9.054023470985e+00
-5.867127357920e-01 -9.055330467891e+00
-8.095045652285e-02 -9.056500164660e+00
-8.095045652285e-02 -9.057546971127e+00
-8.095045652285e-02 -9.058483787495e+00
-8.095045652285e-02 -8.386595043742e+00
-8.095045652285e-02 -7.199445575623e+00
-8.095045652285e-02 -6.071587575188e+00
-8.095045652285e-02 -5.133331617839e+00
-8.095045652285e-02 -4.380107923751e+00
-8.095045652285e-02 -3.778441256719e+00
-8.095045652285e-02 -3.295197333021e+00
-8.095045652285e-02 -2.903644658134e+00
-8.095045652285e-02 -2.583388435257e+00
-8.095045652285e-02 -2.319069078232e+00
-8.095045652285e-02 -2.099090403875e+00
-8.095045652285e-02 -1.914624704937e+00
-8.095045652285e-02 -1.758882450881e+00
-8.095045652285e-02 -1.626585670058e+00
-8.095045652285e-02 -1.513588403751e+00
-8.095045652285e-02 -1.416601385283e+00
-8.095045652285e-02 -1.332990475485e+00
-8.095045652285e-02 -1.260627595911e+00
-8.095045652285e-02 -1.197779356589e+00
-8.095045652285e-02 -1.143023015593e+00
-8.095045652285e-02 -1.095182455299e+00
-8.095045652285e-02 -1.053278962006e+00
-8.095045652285e-02 -1.016493056907e+00
-8.095045652285e-02 -9.841346519110e-01
-8.095045652285e-02 -9.556195304292e-01
-8.095045652285e-02 -9.304506730404e-01
-8.095045652285e-02 -9.082033233209e-01
-8.095045652285e-02 -8.885129625381e-01
-8.095045652285e-02 -8.710655628354e-01
-8.095045652285e-02 -8.555896373565e-01
-8.095045652285e-02 -8.418497168563e-01
-8.095045652285e-02 -8.296409658912e-01
-8.095045652285e-02 -8.187847149508e-01
-8.095045652285e-02 -8.091247331277e-01
-8.095045652285e-02 -8.005241029308e-01
-8.095045652285e-02 -7.928625874166e-01
-8.095045652285e-02 -7.860344019989e-01
-5.343227795019e-01 -7.799463206159e-01
-5.343227795019e-01 -7.745160595392e-01
-5.343227795019e-01 -7.696708928406e-01
-5.343227795019e-01 -8.873734152982e-01
-5.343227795019e-01 -1.146072549680e+00
-5.343227795019e-01 -1.471047916733e+00
-5.343227795019e-01 -1.830358512582e+00
-5.343227795019e-01 -2.207251402844e+00
-5.343227795019e-01 -2.591523134506e+00
-5.343227795019e-01 -2.976156163865e+00
-5.343227795019e-01 -3.355900655130e+00
-5.343227795019e-01 -3.726663387128e+00
-5.343227795019e-01 -4.085234230124e+00
-5.343227795019e-01 -4.429146294785e+00
-5.343227795019e-01 -4.756583477176e+00
-5.343227795019e-01 -5.066301812109e+00
-5.343227795019e-01 -5.357553807650e+00
-5.343227795019e-01 -5.630014025968e+00
-5.343227795019e-01 -5.883707240673e+00
-5.343227795019e-01 -6.118941064695e+00
-5.343227795019e-01 -6.336244585830e+00
-5.343227795019e-01 -6.536313948677e+00
-5.343227795019e-01 -6.719965252428e+00
-5.343227795019e-01 -6.888094684454e+00
-5.343227795019e-01 -7.041645493967e+00
-5.343227795019e-01 -7.181581212669e+00
-5.343227795019e-01 -7.308864425859e+00
-5.343227795019e-01 -7.424440363190e+00
-5.343227795019e-01 -7.529224591883e+00
-5.343227795019e-01 -7.624094139565e+00
-5.343227795019e-01 -7.709881435920e+00
-5.343227795019e-01 -7.787370532732e+00
-5.343227795019e-01 -7.857295133954e+00
-5.343227795019e-01 -7.920338037048e+00
-5.343227795019e-01 -7.977131651319e+00
-5.343227795019e-01 -8.028259316944e+00
-5.343227795019e-01 -8.074257199388e+00
-5.343227795019e-01 -8.115616577887e+00
-5.343227795019e-01 -8.152786384042e+00
-5.343227795019e-01 -8.186175877887e+00
4.370449109175e-01 -8.216157374725e+00
4.370449109175e-01 -8.243068957270e+00
4.370449109175e-01 -8.267217124825e+00
4.370449109175e-01 -6.834384371231e+00
4.370449109175e-01 -4.628003498140e+00
4.370449109175e-01 -2.917210671293e+00
4.370449109175e-01 -1.764026501051e+00
4.370449109175e-01 -1.005073258040e+00
4.370449109175e-01 -4.994892913071e-01
4.370449109175e-01 -1.547773130736e-01
4.370449109175e-01 8.633126490374e-02
4.370449109175e-01 2.591954970883e-01
4.370449109175e-01 3.859966906834e-01
4.370449109175e-01 4.809584061243e-01
4.370449109175e-01 5.534157033912e-01
4.370449109175e-01 6.096355530659e-01
4.370449109175e-01 6.539160684413e-01
4.370449109175e-01 6.892643043807e-01
4.370449109175e-01 7.178232216216e-01
4.370449109175e-01 7.411462741042e-01
4.370449109175e-01 7.603775046452e-01
4.370449109175e-01 7.763718655040e-01
4.370449109175e-01 7.897770028519e-01
4.370449109175e-01 8.010897506380e-01
4.370449109175e-01 8.106957465155e-01
4.370449109175e-01 8.188976059838e-01
4.370449109175e-01 8.259352250671e-01
4.370449109175e-01 8.320005925360e-01
4.370449109175e-01 8.372487225383e-01
4.370449109175e-01 8.418058123188e-01
4.370449109175e-01 8.457753922975e-01
4.370449109175e-01 8.492430078664e-01
4.370449109175e-01 8.522798163752e-01
4.370449109175e-01 8.549453748785e-01
4.370449109175e-01 8.572898186895e-01
4.370449109175e-01 8.593555773575e-01
4.370449109175e-01 8.611787365033e-01
4.370449109175e-01 8.627901264032e-01
4.370449109175e-01 8.642161981548e-01
4.370449109175e-01 8.654797335341e-01
-1.861822088185e-01 8.666004237495e-01
-1.861822088185e-01 8.675953441650e-01
-1.861822088185e-01 8.684793459486e-01
-1.861822088185e-01 8.513747761850e-01
-1.861822088185e-01 8.100510423890e-01
-1.861822088185e-01 7.512902166803e-01
-1.861822088185e-01 6.775755418657e-01
-1.861822088185e-01 5.905067545395e-01
-1.861822088185e-01 4.915724689131e-01
-1.861822088185e-01 3.823735221019e-01
-1.861822088185e-01 2.646681807674e-01
-1.861822088185e-01 1.403375365313e-01
-1.861822088185e-01 1.131530247169e-02
-1.861822088185e-01 -1.204915268789e-01
-1.861822088185e-01 -2.532752946054e-01
-1.861822088185e-01 -3.853853484184e-01
-1.861822088185e-01 -5.153678052696e-01
-1.861822088185e-01 -6.419878096324e-01
-1.861822088185e-01 -7.642365562935e-01
-1.861822088185e-01 -8.813261868377e-01
-1.861822088185e-01 -9.926758293575e-01
-1.861822088185e-01 -1.097891806271e+00
-1.861822088185e-01 -1.196744581535e+00
-1.861822088185e-01 -1.289144488912e+00
-1.861822088185e-01 -1.375117760954e+00
-1.861822088185e-01 -1.454783911548e+00
-1.861822088185e-01 -1.528335134952e+00
-1.861822088185e-01 -1.596018076669e+00
-1.861822088185e-01 -1.658118101276e+00
-1.861822088185e-01 -1.714946019456e+00
-1.861822088185e-01 -1.766827128948e+00
-1.861822088185e-01 -1.814092359739e+00
-1.861822088185e-01 -1.857071281845e+00
-1.861822088185e-01 -1.896086725045e+00
-1.861822088185e-01 -1.931450766546e+00
-1.861822088185e-01 -1.963461859002e+00
-1.861822088185e-01 -1.992402893232e+00
-1.861822088185e-01 -2.018540014313e+00
-1.861822088185e-01 -2.042122034442e+00
-1.861822088185e-01 -2.063380309536e+00
4.356163880022e-01 -2.082528968353e+00
4.356163880022e-01 -2.099765402401e+00
4.356163880022e-01 -2.115270942000e+00
4.356163880022e-01 -1.752860146342e+00
4.356163880022e-01 -1.151519545998e+00
4.356163880022e-01 -6.415979861464e-01
4.356163880022e-01 -2.652051069443e-01
4.356163880022e-01 4.564569220482e-03
4.356163880022e-01 1.988067194079e-01
4.356163880022e-01 3.408591928170e-01
4.356163880022e-01 4.466674643939e-01
4.356163880022e-01 5.269230624919e-01
4.356163880022e-01 5.888368484810e-01
4.356163880022e-01 6.373435304442e-01
4.356163880022e-01 6.758789749816e-01
4.356163880022e-01 7.068778906878e-01
4.356163880022e-01 7.320950472897e-01
4.356163880022e-01 7.528155426603e-01
4.356163880022e-01 7.699946768030e-01
4.356163880022e-01 7.843525359011e-01
4.356163880022e-01 7.964389769059e-01
4.356163880022e-01 8.066789572059e-01
4.356163880022e-01 8.154046093390e-01
4.356163880022e-01 8.228782437186e-01
4.356163880022e-01 8.293090548288e-01
4.356163880022e-01 8.348653991981e-01
4.356163880022e-01 8.396839201595e-01
4.356163880022e-01 8.438764008723e-01
4.356163880022e-01 8.475349625195e-01
4.356163880022e-01 8.507360444626e-01
4.356163880022e-01 8.535434789993e-01
4.356163880022e-01 8.560108868336e-01
4.356163880022e-01 8.581835583932e-01
4.356163880022e-01 8.600999427162e-01
4.356163880022e-01 8.617928344171e-01
4.356163880022e-01 8.632903266001e-01
4.356163880022e-01 8.646165810086e-01
4.356163880022e-01 8.657924544669e-01
4.356163880022e-01 8.668360115674e-01
4.356163880022e-01 8.677629467321e-01
-1.953668464885e-01 8.685869336285e-01
-1.953668464885e-01 8.693199160024e-01
-1.953668464885e-01 8.699723509934e-01
-1.953668464885e-01 8.525756223528e-01
-1.953668464885e-01 8.106693128273e-01
-1.953668464885e-01 7.508473502212e-01
-1.953668464885e-01 6.754583623331e-01
-1.953668464885e-01 5.860171845100e-01
-1.953668464885e-01 4.839714231851e-01
-1.953668464885e-01 3.709204947615e-01
-1.953668464885e-01 2.486564671130e-01
-1.953668464885e-01 1.191239208683e-01
-1.953668464885e-01 -1.565702909207e-02
-1.953668464885e-01 -1.536775138117e-01
-1.953668464885e-01 -2.930198815189e-01
-1.953668464885e-01 -4.319219871664e-01
-1.953668464885e-01 -5.688224334300e-01
-1.953668464885e-01 -7.023869736105e-01
-1.953668464885e-01 -8.315183476692e-01
-1.953668464885e-01 -9.553527872477e-01
-1.953668464885e-01 -1.073246656268e+00
-1.953668464885e-01 -1.184756475192e+00
-1.953668464885e-01 -1.289615118709e+00
-1.953668464885e-01 -1.387706423461e+00
-1.953668464885e-01 -1.479039887685e+00
-1.953668464885e-01 -1.563726642537e+00
-1.953668464885e-01 -1.641957451545e+00
-1.953668464885e-01 -1.713983157802e+00
-1.953668464885e-01 -1.780097744280e+00
-1.953668464885e-01 -1.840623991049e+00
-1.953668464885e-01 -1.895901591760e+00
-1.953668464885e-01 -1.946277517670e+00
-1.953668464885e-01 -1.992098379088e+00
-1.953668464885e-01 -2.033704521389e+00
-1.953668464885e-01 -2.071425597473e+00
-1.953668464885e-01 -2.105577374497e+00
-1.953668464885e-01 -2.136459555020e+00
-1.953668464885e-01 -2.164354418036e+00
-1.953668464885e-01 -2.189526111321e+00
-1.953668464885e-01 -2.212220451588e+00
-3.305889321168e-01 -2.232665112121e+00
-3.305889321168e-01 -2.251070098481e+00
-3.305889321168e-01 -2.267628431181e+00
-3.305889321168e-01 -2.357454503143e+00
-3.305889321168e-01 -2.523204939448e+00
-3.305889321168e-01 -2.710963973026e+00
-3.305889321168e-01 -2.900051135579e+00
-3.305889321168e-01 -3.082266555816e+00
-3.305889321168e-01 -3.254389561694e+00
-3.305889321168e-01 -3.415267341813e+00
-3.305889321168e-01 -3.564648591184e+00
-3.305889321168e-01 -3.702703133910e+00
-3.305889321168e-01 -3.829814680518e+00
-3.305889321168e-01 -3.946483799042e+00
-3.305889321168e-01 -4.053276728010e+00
-3.305889321168e-01 -4.150794550419e+00
-3.305889321168e-01 -4.239652514305e+00
-3.305889321168e-01 -4.320465243533e+00
-3.305889321168e-01 -4.393835903875e+00
-3.305889321168e-01 -4.460348304713e+00
-3.305889321168e-01 -4.520561294005e+00
-3.305889321168e-01 -4.575004977542e+00
-3.305889321168e-01 -4.624178389460e+00
-3.305889321168e-01 -4.668548306266e+00
-3.305889321168e-01 -4.708548948256e+00
-3.305889321168e-01 -4.744582355856e+00
-3.305889321168e-01 -4.777019266258e+00
-3.305889321168e-01 -4.806200348303e+00
-3.305889321168e-01 -4.832437681561e+00
-3.305889321168e-01 -4.856016389180e+00
-3.305889321168e-01 -4.877196353830e+00
-3.305889321168e-01 -4.896213962449e+00
-3.305889321168e-01 -4.913283838838e+00
-3.305889321168e-01 -4.928600533994e+00
-3.305889321168e-01 -4.942340152735e+00
-3.305889321168e-01 -4.954661902017e+00
-3.305889321168e-01 -4.965709551755e+00
-3.305889321168e-01 -4.975612803078e+00
-3.305889321168e-01 -4.984488562139e+00
-3.305889321168e-01 -4.992442119943e+00
5.918179131075e-01 -4.999568240401e+00
5.918179131075e-01 -5.005952160022e+00
5.918179131075e-01 -5.011670503496e+00
5.918179131075e-01 -4.118344837048e+00
5.918179131075e-01 -2.734044533048e+00
5.918179131075e-01 -1.643926267066e+00
5.918179131075e-01 -8.967613144349e-01
5.918179131075e-01 -3.971346840552e-01
5.918179131075e-01 -5.940788889014e-02
5.918179131075e-01 1.739159014801e-01
5.918179131075e-01 3.390597014905e-01
5.918179131075e-01 4.587245007856e-01
5.918179131075e-01 5.473405956961e-01
5.918179131075e-01 6.142722330667e-01
5.918179131075e-01 6.657322053822e-01
5.918179131075e-01 7.059328837780e-01
5.918179131075e-01 7.377896080097e-01
5.918179131075e-01 7.633591100664e-01
5.918179131075e-01 7.841184276887e-01
5.918179131075e-01 8.011459151180e-01
5.918179131075e-01 8.152409659605e-01
5.918179131075e-01 8.270046252961e-01
5.918179131075e-01 8.368947822825e-01
5.918179131075e-01 8.452645538149e-01
5.918179131075e-01 8.523893711542e-01
5.918179131075e-01 8.584863574511e-01
5.918179131075e-01 8.637283688583e-01
5.918179131075e-01 8.682542917832e-01
5.918179131075e-01 8.721766802672e-01
5.918179131075e-01 8.755874811003e-01
5.918179131075e-01 8.785623687318e-01
5.918179131075e-01 8.811640588258e-01
5.918179131075e-01 8.834448639610e-01
5.918179131075e-01 8.854486816887e-01
5.918179131075e-01 8.872125536230e-01
5.918179131075e-01 8.887678976106e-01
5.918179131075e-01 8.901414887415e-01
5.918179131075e-01 8.913562459251e-01
5.918179131075e-01 8.924318668371e-01
5.918179131075e-01 8.933853437889e-01
-5.163344024291e-01 8.942313854542e-01
-5.163344024291e-01 8.949827636799e-01
-5.163344024291e-01 8.956506003126e-01
-5.163344024291e-01 8.759918569869e-01
-5.163344024291e-01 8.251790136166e-01
-5.163344024291e-01 7.451742364613e-01
-5.163344024291e-01 6.337395247764e-01
-5.163344024291e-01 4.884890516392e-01
-5.163344024291e-01 3.079016156056e-01
-5.163344024291e-01 9.170946504015e-02
-5.163344024291e-01 -1.589648333082e-01
-5.163344024291e-01 -4.416499505578e-01
-5.163344024291e-01 -7.527049615403e-01
-5.163344024291e-01 -1.087589929109e+00
-5.163344024291e-01 -1.441180004523e+00
-5.163344024291e-01 -1.808081178867e+00
-5.163344024291e-01 -2.182916424349e+00
-5.163344024291e-01 -2.560562710776e+00
-5.163344024291e-01 -2.936329987162e+00
-5.163344024291e-01 -3.306081531438e+00
-5.163344024291e-01 -3.666300776837e+00
-5.163344024291e-01 -4.014113024014e+00
-5.163344024291e-01 -4.347271807497e+00
-5.163344024291e-01 -4.664119647004e+00
-5.163344024291e-01 -4.963531988591e+00
-5.163344024291e-01 -5.244851746221e+00
-5.163344024291e-01 -5.507820301005e+00
-5.163344024291e-01 -5.752509309227e+00
-5.163344024291e-01 -5.979256331731e+00
-5.163344024291e-01 -6.188606182495e+00
-5.163344024291e-01 -6.381259015573e+00
-5.163344024291e-01 -6.558025512153e+00
-5.163344024291e-01 -6.719789064333e+00
-5.163344024291e-01 -6.867474544802e+00
-5.163344024291e-01 -7.002023067522e+00
-5.163344024291e-01 -7.124372052655e+00
-5.163344024291e-01 -7.235439882943e+00
-5.163344024291e-01 -7.336114457205e+00
-5.163344024291e-01 -7.427244993151e+00
-5.163344024291e-01 -7.509636493952e+00
3.676983741893e-01 -7.584046362226e+00
3.676983741893e-01 -7.651182715290e+00
3.676983741893e-01 -7.711704022765e+00
3.676983741893e-01 -6.450326353432e+00
3.676983741893e-01 -4.451721919669e+00
3.676983741893e-01 -2.869170153109e+00
3.676983741893e-01 -1.781193468901e+00
3.676983741893e-01 -1.052089234466e+00
3.676983741893e-01 -5.583860971536e-01
3.676983741893e-01 -2.167977227639e-01
3.676983741893e-01 2.528794897270e-02
3.676983741893e-01 2.009068994201e-01
3.676983741893e-01 3.310919307592e-01
3.676983741893e-01 4.295102050275e-01
3.676983741893e-01 5.052401441527e-01
3.676983741893e-01 5.644436970300e-01
3.676983741893e-01 6.113896799308e-01
3.676983741893e-01 6.490924002966e-01
3.676983741893e-01 6.797183745872e-01
3.676983741893e-01 7.048505440190e-01
3.676983741893e-01 7.256631898338e-01
3.676983741893e-01 7.430398072117e-01
3.676983741893e-01 7.576538732237e-01
3.676983741893e-01 7.700250579213e-01
3.676983741893e-01 7.805589185240e-01
3.676983741893e-01 7.895753144063e-01
3.676983741893e-01 7.973290091495e-01
3.676983741893e-01 8.040247878417e-01
3.676983741893e-01 8.098286753678e-01
3.676983741893e-01 8.148763500269e-01
3.676983741893e-01 8.192795171051e-01
3.676983741893e-01 8.231307829305e-01
3.676983741893e-01 8.265074157510e-01
3.676983741893e-01 8.294742724652e-01
3.676983741893e-01 8.320860947228e-01
3.676983741893e-01 8.343893242231e-01
3.676983741893e-01 8.364235484981e-01
3.676983741893e-01 8.382226605274e-01
3.676983741893e-01 8.398157951122e-01
3.676983741893e-01 8.412280898753e-01
7.065749994975e-01 8.424813075631e-01
7.065749994975e-01 8.435943479470e-01
7.065749994975e-01 8.445836712989e-01
7.065749994975e-01 8.483736627804e-01
7.065749994975e-01 8.546446799973e-01
7.065749994975e-01 8.610695043098e-01
7.065749994975e-01 8.669408307806e-01
7.065749994975e-01 8.721123877194e-01
7.065749994975e-01 8.766149967242e-01
7.065749994975e-01 8.805257648237e-01
7.065749994975e-01 8.839258669658e-01
7.065749994975e-01 8.868883741603e-01
7.065749994975e-01 8.894759304779e-01
7.065749994975e-01 8.917414238598e-01
7.065749994975e-01 8.937293768488e-01
7.065749994975e-01 8.954773429004e-01
7.065749994975e-01 8.970171161871e-01
7.065749994975e-01 8.983757306047e-01
7.065749994975e-01 8.995762718541e-01
7.065749994975e-01 9.006385355727e-01
7.065749994975e-01 9.015795618847e-01
7.065749994975e-01 9.024140714830e-01
7.065749994975e-01 9.031548232382e-01
7.065749994975e-01 9.038129090515e-01
7.065749994975e-01 9.043979982821e-01
7.065749994975e-01 9.049185414368e-01
7.065749994975e-01 9.053819407689e-01
7.065749994975e-01 9.057946938544e-01
7.065749994975e-01 9.061625149785e-01
7.065749994975e-01 9.064904382109e-01
7.065749994975e-01 9.067829052913e-01
7.065749994975e-01 9.070438408551e-01
7.065749994975e-01 9.072767170576e-01
7.065749994975e-01 9.074846092799e-01
7.065749994975e-01 9.076702443014e-01
7.065749994975e-01 9.078360420805e-01
7.065749994975e-01 9.079841520921e-01
7.065749994975e-01 9.081164850117e-01
7.065749994975e-01 9.082347404072e-01
7.065749994975e-01 9.083404309942e-01
2.060165551519e-01 9.084349039232e-01
2.060165551519e-01 9.085193594966e-01
2.060165551519e-01 9.085948676537e-01
2.060165551519e-01 9.045629879635e-01
2.060165551519e-01 8.960802722437e-01
2.060165551519e-01 8.859162766341e-01
2.060165551519e-01 8.751977830399e-01
2.060165551519e-01 8.644417924196e-01
2.060165551519e-01 8.539088858835e-01
2.060165551519e-01 8.437426569350e-01
2.060165551519e-01 8.340280386718e-01
2.060165551519e-01 8.248166434642e-01
2.060165551519e-01 8.161384672846e-01
2.060165551519e-01 8.080079510563e-01
2.060165551519e-01 8.004276748561e-01
2.060165551519e-01 7.933909979920e-01
2.060165551519e-01 7.868841563289e-01
2.060165551519e-01 7.808880115009e-01
2.060165551519e-01 7.753795279169e-01
2.060165551519e-01 7.703330128159e-01
2.060165551519e-01 7.657211430184e-01
2.060165551519e-01 7.615158000132e-01
2.060165551519e-01 7.576887353333e-01
2.060165551519e-01 7.542120883408e-01
2.060165551519e-01 7.510587779653e-01
2.060165551519e-01 7.482027886446e-01
2.060165551519e-01 7.456193689390e-01
2.060165551519e-01 7.432851592454e-01
2.060165551519e-01 7.411782629138e-01
2.060165551519e-01 7.392782729979e-01
2.060165551519e-01 7.375662649345e-01
2.060165551519e-01 7.360247636934e-01
2.060165551519e-01 7.346376923875e-01
2.060165551519e-01 7.333903079905e-01
2.060165551519e-01 7.322691286619e-01
2.060165551519e-01 7.312618562153e-01
2.060165551519e-01 7.303572964637e-01
2.060165551519e-01 7.295452795201e-01
2.060165551519e-01 7.288165815938e-01
2.060165551519e-01 7.281628493968e-01
1.202424381488e-01 7.275765279285e-01
1.202424381488e-01 7.270507921424e-01
1.202424381488e-01 7.265794827869e-01
1.202424381488e-01 7.208968975365e-01
1.202424381488e-01 7.099215114397e-01
1.202424381488e-01 6.974993680512e-01
1.202424381488e-01 6.850750303845e-01
1.202424381488e-01 6.731973335475e-01
1.202424381488e-01 6.620646276678e-01
1.202424381488e-01 6.517341925274e-01
1.202424381488e-01 6.422047850890e-01
1.202424381488e-01 6.334499046844e-01
1.202424381488e-01 6.254316954604e-01
1.202424381488e-01 6.181071471724e-01
1.202424381488e-01 6.114311497615e-01
1.202424381488e-01 6.053581881446e-01
1.202424381488e-01 5.998433877293e-01
1.202424381488e-01 5.948432040209e-01
1.202424381488e-01 5.903158874005e-01
1.202424381488e-01 5.862217898877e-01
1.202424381488e-01 5.825235539886e-01
1.202424381488e-01 5.791862114173e-01
1.202424381488e-01 5.761772128077e-01
1.202424381488e-01 5.734664051853e-01
1.202424381488e-01 5.710259707242e-01
1.202424381488e-01 5.688303376961e-01
1.202424381488e-01 5.668560723500e-01
1.202424381488e-01 5.650817586452e-01
1.202424381488e-01 5.634878712535e-01
1.202424381488e-01 5.620566459980e-01
1.202424381488e-01 5.607719508796e-01
1.202424381488e-01 5.596191600143e-01
1.202424381488e-01 5.585850321457e-01
1.202424381488e-01 5.576575948687e-01
1.202424381488e-01 5.568260352924e-01
1.202424381488e-01 5.560805975488e-01
1.202424381488e-01 5.554124873139e-01
1.202424381488e-01 5.548137833221e-01
1.202424381488e-01 5.542773557255e-01
1.202424381488e-01 5.537967910522e-01
1.146579672185e-01 5.533663234533e-01
1.146579672185e-01 5.529807718905e-01
1.146579672185e-01 5.526354828887e-01
1.146579672185e-01 5.517163774209e-01
1.146579672185e-01 5.502438898118e-01
1.146579672185e-01 5.486826664424e-01
1.146579672185e-01 5.471926212989e-01
1.146579672185e-01 5.458224762161e-01
1.146579672185e-01 5.445808669753e-01
1.146579672185e-01 5.434625102281e-01
1.146579672185e-01 5.424577958089e-01
1.146579672185e-01 5.415562599009e-01
1.146579672185e-01 5.407478016094e-01
1.146579672185e-01 5.400230705092e-01
1.146579672185e-01 5.393735526323e-01
1.146579672185e-01 5.387915496120e-01
1.146579672185e-01 5.382701227034e-01
1.146579672185e-01 5.378030279367e-01
1.146579672185e-01 5.373846518539e-01
1.146579672185e-01 5.370099510634e-01
1.146579672185e-01 5.366743965525e-01
1.146579672185e-01 5.363739228527e-01
1.146579672185e-01 5.361048818478e-01
1.146579672185e-01 5.358640009133e-01
1.146579672185e-01 5.356483450489e-01
1.146579672185e-01 5.354552826694e-01
1.146579672185e-01 5.352824547363e-01
1.146579672185e-01 5.351277469289e-01
1.146579672185e-01 5.349892645767e-01
1.146579672185e-01 5.348653100961e-01
1.146579672185e-01 5.347543626933e-01
1.146579672185e-01 5.346550601164e-01
1.146579672185e-01 5.345661822588e-01
1.146579672185e-01 5.344866364318e-01
1.146579672185e-01 5.344154441419e-01
1.146579672185e-01 5.343517292238e-01
1.146579672185e-01 5.342947071933e-01
1.146579672185e-01 5.342436756964e-01
1.146579672185e-01 5.341980059460e-01
1.146579672185e-01 5.341571350435e-01
6.564550414013e-01 5.341205590969e-01
6.564550414013e-01 5.340878270531e-01
6.564550414013e-01 5.340585351709e-01
6.564550414013e-01 5.625136041018e-01
6.564550414013e-01 6.132342722068e-01
6.564550414013e-01 6.620281291008e-01
6.564550414013e-01 7.031455029302e-01
6.564550414013e-01 7.365574532842e-01
6.564550414013e-01 7.635442316567e-01
6.564550414013e-01 7.854373484120e-01
6.564550414013e-01 8.033365239287e-01
6.564550414013e-01 8.180948131465e-01
6.564550414013e-01 8.303634609932e-01
6.564550414013e-01 8.406400448520e-01
6.564550414013e-01 8.493074616202e-01
6.564550414013e-01 8.566631391897e-01
6.564550414013e-01 8.629404221235e-01
6.564550414013e-01 8.683241788777e-01
6.564550414013e-01 8.729622484914e-01
6.564550414013e-01 8.769739050973e-01
6.564550414013e-01 8.804561761313e-01
6.564550414013e-01 8.834886039613e-01
6.564550414013e-01 8.861368683987e-01
6.564550414013e-01 8.884555677570e-01
6.564550414013e-01 8.904903725561e-01
6.564550414013e-01 8.922797072885e-01
6.564550414013e-01 8.938560740984e-01
6.564550414013e-01 8.952471025228e-01
6.564550414013e-01 8.964763880193e-01
6.564550414013e-01 8.975641664219e-01
6.564550414013e-01 8.985278600265e-01
6.564550414013e-01 8.993825225486e-01
6.564550414013e-01 9.001412038862e-01
6.564550414013e-01 9.008152508820e-01
6.564550414013e-01 9.014145566971e-01
6.564550414013e-01 9.019477686742e-01
6.564550414013e-01 9.024224624814e-01
6.564550414013e-01 9.028452887095e-01
6.564550414013e-01 9.032220968477e-01
6.564550414013e-01 9.035580405818e-01
-5.601191683487e-01 9.038576675985e-01
-5.601191683487e-01 9.041249964699e-01
-5.601191683487e-01 9.043635827164e-01
-5.601191683487e-01 8.854535591527e-01
-5.601191683487e-01 8.366325627610e-01
-5.601191683487e-01 7.589753682274e-01
-5.601191683487e-01 6.495925988694e-01
-5.601191683487e-01 5.054835950443e-01
-5.601191683487e-01 3.245470693983e-01
-5.601191683487e-01 1.060037646454e-01
-5.601191683487e-01 -1.494296346841e-01
-5.601191683487e-01 -4.395536286811e-01
-5.601191683487e-01 -7.608508314941e-01
-5.601191683487e-01 -1.108757737015e+00
-5.601191683487e-01 -1.477993388072e+00
-5.601191683487e-01 -1.862899194365e+00
-5.601191683487e-01 -2.257754201844e+00
-5.601191683487e-01 -2.657042263128e+00
-5.601191683487e-01 -3.055659084412e+00
-5.601191683487e-01 -3.449056523693e+00
-5.601191683487e-01 -3.833328232979e+00
-5.601191683487e-01 -4.205244848388e+00
-5.601191683487e-01 -4.562248859387e+00
-5.601191683487e-01 -4.902419588970e+00
-5.601191683487e-01 -5.224417942554e+00
-5.601191683487e-01 -5.527419204970e+00
-5.601191683487e-01 -5.811040540594e+00
-5.601191683487e-01 -6.075268227517e+00
-5.601191683487e-01 -6.320388182733e+00
-5.601191683487e-01 -6.546922087409e+00
-5.601191683487e-01 -6.755570423079e+00
-5.601191683487e-01 -6.947162971999e+00
-5.601191683487e-01 -7.122616789948e+00
-5.601191683487e-01 -7.282901292157e+00
-5.601191683487e-01 -7.429009865625e+00
-5.601191683487e-01 -7.561937299976e+00
-5.601191683487e-01 -7.682662284672e+00
-5.601191683487e-01 -7.792134228903e+00
-5.601191683487e-01 -7.891263702933e+00
-5.601191683487e-01 -7.980915862072e+00
4.771375639723e-01 -8.061906286338e+00
4.771375639723e-01 -8.134998743402e+00
4.771375639723e-01 -8.200904454690e+00
4.771375639723e-01 -6.777114889218e+00
4.771375639723e-01 -4.560961935282e+00
4.771375639723e-01 -2.848101018414e+00
4.771375639723e-01 -1.699519138585e+00
4.771375639723e-01 -9.476782969509e-01
4.771375639723e-01 -4.493896383246e-01
4.771375639723e-01 -1.112383714362e-01
4.771375639723e-01 1.242838604009e-01
4.771375639723e-01 2.925033113325e-01
4.771375639723e-01 4.154785424297e-01
4.771375639723e-01 5.072950800705e-01
4.771375639723e-01 5.771619979968e-01
4.771375639723e-01 6.312400204844e-01
4.771375639723e-01 6.737408057708e-01
4.771375639723e-01 7.076022093077e-01
4.771375639723e-01 7.349121721726e-01
4.771375639723e-01 7.571804560394e-01
4.771375639723e-01 7.755163389978e-01
4.771375639723e-01 7.907470057502e-01
4.771375639723e-01 8.034978138094e-01
4.771375639723e-01 8.142476062629e-01
4.771375639723e-01 8.233674130633e-01
4.771375639723e-01 8.311479173866e-01
4.771375639723e-01 8.378192096769e-01
4.771375639723e-01 8.435651732396e-01
4.771375639723e-01 8.485340837332e-01
4.771375639723e-01 8.528465055040e-01
4.771375639723e-01 8.566012355152e-01
4.771375639723e-01 8.598798216780e-01
4.771375639723e-01 8.627500295003e-01
4.771375639723e-01 8.652685253293e-01
4.771375639723e-01 8.674829706491e-01
4.771375639723e-01 8.694336697495e-01
4.771375639723e-01 8.711548758819e-01
4.771375639723e-01 8.726758342140e-01
4.771375639723e-01 8.740216204076e-01
4.771375639723e-01 8.752138193540e-01
5.103768298916e-02 8.762710780332e-01
5.103768298916e-02 8.772095585866e-01
5.103768298916e-02 8.780433117820e-01
5.103768298916e-02 8.698326556805e-01
5.103768298916e-02 8.511956285624e-01
5.103768298916e-02 8.275425700744e-01
5.103768298916e-02 8.011850960726e-01
5.103768298916e-02 7.733513240427e-01
5.103768298916e-02 7.448039258533e-01
5.103768298916e-02 7.160788109024e-01
5.103768298916e-02 6.875852856401e-01
5.103768298916e-02 6.596487380175e-01
5.103768298916e-02 6.325292966691e-01
5.103768298916e-02 6.064310995312e-01
5.103768298916e-02 5.815084020345e-01
5.103768298916e-02 5.578709417364e-01
5.103768298916e-02 5.355893093593e-01
5.103768298916e-02 5.147004053772e-01
5.103768298916e-02 4.952128366722e-01
5.103768298916e-02 4.771120710582e-01
5.103768298916e-02 4.603652008220e-01
5.103768298916e-02 4.449252182449e-01
5.103768298916e-02 4.307347553377e-01
5.103768298916e-02 4.177292794968e-01
5.103768298916e-02 4.058397652297e-01
5.103768298916e-02 3.949948806321e-01
5.103768298916e-02 3.851227378717e-01
5.103768298916e-02 3.761522615083e-01
5.103768298916e-02 3.680142288333e-01
5.103768298916e-02 3.606420339508e-01
5.103768298916e-02 3.539722231680e-01
5.103768298916e-02 3.479448442151e-01
5.103768298916e-02 3.425036464547e-01
5.103768298916e-02 3.375961639473e-01
5.103768298916e-02 3.331737082620e-01
5.103768298916e-02 3.291912933823e-01
5.103768298916e-02 3.256075110446e-01
5.103768298916e-02 3.223843713419e-01
5.103768298916e-02 3.194871204455e-01
5.103768298916e-02 3.168840447721e-01
1.903379988812e-01 3.145462688324e-01
1.903379988812e-01 3.124475522691e-01
1.903379988812e-01 3.105640901938e-01
1.903379988812e-01 3.316342156471e-01
1.903379988812e-01 3.726059451686e-01
1.903379988812e-01 4.148245238059e-01
1.903379988812e-01 4.528232360047e-01
1.903379988812e-01 4.856388132168e-01
1.903379988812e-01 5.136476625961e-01
1.903379988812e-01 5.375261463312e-01
1.903379988812e-01 5.579367968322e-01
1.903379988812e-01 5.754499146786e-01
1.903379988812e-01 5.905371892275e-01
1.903379988812e-01 6.035844970543e-01
1.903379988812e-01 6.149075050962e-01
1.903379988812e-01 6.247655321774e-01
1.903379988812e-01 6.333728275354e-01
1.903379988812e-01 6.409074847996e-01
1.903379988812e-01 6.475184331340e-01
1.903379988812e-01 6.533309258447e-01
1.903379988812e-01 6.584508694058e-01
1.903379988812e-01 6.629682587265e-01
1.903379988812e-01 6.669599211471e-01
1.903379988812e-01 6.704917228334e-01
1.903379988812e-01 6.736203544640e-01
1.903379988812e-01 6.763947855509e-01
1.903379988812e-01 6.788574560846e-01
1.903379988812e-01 6.810452586403e-01
1.903379988812e-01 6.829903523116e-01
1.903379988812e-01 6.847208408703e-01
1.903379988812e-01 6.862613406782e-01
1.903379988812e-01 6.876334585799e-01
1.903379988812e-01 6.888561958989e-01
1.903379988812e-01 6.899462914530e-01
1.903379988812e-01 6.909185139963e-01
1.903379988812e-01 6.917859125119e-01
1.903379988812e-01 6.925600312140e-01
1.903379988812e-01 6.932510948660e-01
1.903379988812e-01 6.938681690239e-01
1.903379988812e-01 6.944192990104e-01
6.107471956921e-01 6.949116307747e-01
6.107471956921e-01 6.953515162701e-01
6.107471956921e-01 6.957446055481e-01
6.107471956921e-01 7.093069296025e-01
6.107471956921e-01 7.337689887126e-01
6.107471956921e-01 7.581354362229e-01
6.107471956921e-01 7.794529159166e-01
6.107471956921e-01 7.974063286093e-01
6.107471956921e-01 8.123910224594e-01
6.107471956921e-01 8.249133752711e-01
6.107471956921e-01 8.354277909554e-01
6.107471956921e-01 8.443067389308e-01
6.107471956921e-01 8.518474152985e-01
6.107471956921e-01 8.582857760021e-01
6.107471956921e-01 8.638097943658e-01
6.107471956921e-01 8.685702054245e-01
6.107471956921e-01 8.726888038202e-01
6.107471956921e-01 8.762647621054e-01
6.107471956921e-01 8.793794375957e-01
6.107471956921e-01 8.821000464061e-01
6.107471956921e-01 8.844824910310e-01
6.107471956921e-01 8.865735532305e-01
6.107471956921e-01 8.884126080240e-01
6.107471956921e-01 8.900329737035e-01
6.107471956921e-01 8.914629830970e-01
6.107471956921e-01 8.927268397432e-01
6.107471956921e-01 8.938453068783e-01
6.107471956921e-01 8.948362655437e-01
6.107471956921e-01 8.957151695386e-01
6.107471956921e-01 8.964954185323e-01
6.107471956921e-01 8.971886658333e-01
6.107471956921e-01 8.978050736694e-01
6.107471956921e-01 8.983535260525e-01
6.107471956921e-01 8.988418071734e-01
6.107471956921e-01 8.992767516278e-01
6.107471956921e-01 8.996643714994e-01
6.107471956921e-01 9.000099643309e-01
6.107471956921e-01 9.003182052316e-01
6.107471956921e-01 9.005932257558e-01
6.107471956921e-01 9.008386816951e-01
-7.718820020426e-01 9.010578115415e-01
-7.718820020426e-01 9.012534870634e-01
-7.718820020426e-01 9.014282571872e-01
-7.718820020426e-01 8.813380864609e-01
-7.718820020426e-01 8.291952563778e-01
-7.718820020426e-01 7.454763024072e-01
-7.718820020426e-01 6.264125218546e-01
-7.718820020426e-01 4.681163033882e-01
-7.718820020426e-01 2.677086719243e-01
-7.718820020426e-01 2.382443739073e-02
-7.718820020426e-01 -2.631553292492e-01
-7.718820020426e-01 -5.910859158786e-01
-7.718820020426e-01 -9.562233960557e-01
-7.718820020426e-01 -1.353522764313e+00
-7.718820020426e-01 -1.777012918380e+00
-7.718820020426e-01 -2.220194240272e+00
-7.718820020426e-01 -2.676414931971e+00
-7.718820020426e-01 -3.139195956641e+00
-7.718820020426e-01 -3.602488020317e+00
-7.718820020426e-01 -4.060855478985e+00
-7.718820020426e-01 -4.509590504818e+00
-7.718820020426e-01 -4.944766232392e+00
-7.718820020426e-01 -5.363240343379e+00
-7.718820020426e-01 -5.762621257032e+00
-7.718820020426e-01 -6.141208421337e+00
-7.718820020426e-01 -6.497916715534e+00
-7.718820020426e-01 -6.832193123704e+00
-7.718820020426e-01 -7.143931934906e+00
-7.718820020426e-01 -7.433392964684e+00
-7.718820020426e-01 -7.701125780757e+00
-7.718820020426e-01 -7.947901691415e+00
-7.718820020426e-01 -8.174654314861e+00
-7.718820020426e-01 -8.382428862835e+00
-7.718820020426e-01 -8.572339802352e+00
-7.718820020426e-01 -8.745536262266e+00
-7.718820020426e-01 -8.903174386019e+00
-7.718820020426e-01 -9.046395763021e+00
-7.718820020426e-01 -9.176311069147e+00
-7.718820020426e-01 -9.293988088870e+00
-7.718820020426e-01 -9.400443359831e+00
-2.208083291635e-01 -9.496636762511e+00
-2.208083291635e-01 -9.583468463966e+00
-2.208083291635e-01 -9.661777709457e+00
-2.208083291635e-01 -9.288902538160e+00
-2.208083291635e-01 -8.530463385503e+00
-2.208083291635e-01 -7.754105226959e+00
-2.208083291635e-01 -7.064211506206e+00
-2.208083291635e-01 -6.476427515992e+00
-2.208083291635e-01 -5.981151061101e+00
-2.208083291635e-01 -5.563861479750e+00
-2.208083291635e-01 -5.210957147480e+00
-2.208083291635e-01 -4.911039866205e+00
-2.208083291635e-01 -4.654876340947e+00
-2.208083291635e-01 -4.435047016423e+00
-2.208083291635e-01 -4.245579297572e+00
-2.208083291635e-01 -4.081638746751e+00
-2.208083291635e-01 -3.939285448258e+00
-2.208083291635e-01 -3.815285720119e+00
-2.208083291635e-01 -3.706967159789e+00
-2.208083291635e-01 -3.612106707095e+00
-2.208083291635e-01 -3.528843689638e+00
-2.208083291635e-01 -3.455611799525e+00
-2.208083291635e-01 -3.391085489321e+00
-2.208083291635e-01 -3.334137422699e+00
-2.208083291635e-01 -3.283804460258e+00
-2.208083291635e-01 -3.239260282163e+00
-2.208083291635e-01 -3.199793207574e+00
-2.208083291635e-01 -3.164788110897e+00
-2.208083291635e-01 -3.133711588917e+00
-2.208083291635e-01 -3.106099723880e+00
-2.208083291635e-01 -3.081547932220e+00
-2.208083291635e-01 -3.059702498866e+00
-2.208083291635e-01 -3.040253481578e+00
-2.208083291635e-01 -3.022928735019e+00
-2.208083291635e-01 -3.007488854887e+00
-2.208083291635e-01 -2.993722881979e+00
-2.208083291635e-01 -2.981444637049e+00
-2.208083291635e-01 -2.970489581822e+00
-2.208083291635e-01 -2.960712120923e+00
-2.208083291635e-01 -2.951983274946e+00
-7.255882508706e-01 -2.944188667281e+00
-7.255882508706e-01 -2.937226777263e+00
-7.255882508706e-01 -2.931007420302e+00
-7.255882508706e-01 -3.091398719564e+00
-7.255882508706e-01 -3.430675522962e+00
-7.255882508706e-01 -3.835487571486e+00
-7.255882508706e-01 -4.260132171570e+00
-7.255882508706e-01 -4.684045346202e+00
-7.255882508706e-01 -5.097160914308e+00
-7.255882508706e-01 -5.494144308211e+00
-7.255882508706e-01 -5.871992220415e+00
-7.255882508706e-01 -6.228995388321e+00
-7.255882508706e-01 -6.564262610296e+00
-7.255882508706e-01 -6.877476852074e+00
-7.255882508706e-01 -7.168749110339e+00
-7.255882508706e-01 -7.438516150815e+00
-7.255882508706e-01 -7.687460921297e+00
-7.255882508706e-01 -7.916447349505e+00
-7.255882508706e-01 -8.126466123920e+00
-7.255882508706e-01 -8.318589789231e+00
-7.255882508706e-01 -8.493936041158e+00
-7.255882508706e-01 -8.653638256453e+00
-7.255882508706e-01 -8.798822335221e+00
-7.255882508706e-01 -8.930588964490e+00
-7.255882508706e-01 -9.050000461024e+00
-7.255882508706e-01 -9.158071418930e+00
-7.255882508706e-01 -9.255762467412e+00
-7.255882508706e-01 -9.343976529044e+00
-7.255882508706e-01 -9.423557053554e+00
-7.255882508706e-01 -9.495287782422e+00
-7.255882508706e-01 -9.559893673185e+00
-7.255882508706e-01 -9.618042677983e+00
-7.255882508706e-01 -9.670348128261e+00
-7.255882508706e-01 -9.717371526776e+00
-7.255882508706e-01 -9.759625589713e+00
-7.255882508706e-01 -9.797577416481e+00
-7.255882508706e-01 -9.831651693484e+00
-7.255882508706e-01 -9.862233861558e+00
-7.255882508706e-01 -9.889673195684e+00
-7.255882508706e-01 -9.914285760720e+00
2.382676174111e-01 -9.936357218807e+00
2.382676174111e-01 -9.956145473451e+00
2.382676174111e-01 -9.973883142453e+00
2.382676174111e-01 -8.448019108549e+00
2.382676174111e-01 -6.040255939894e+00
2.382676174111e-01 -4.101256469890e+00
2.382676174111e-01 -2.741654506168e+00
2.382676174111e-01 -1.812823668622e+00
2.382676174111e-01 -1.172594613532e+00
2.382676174111e-01 -7.224289204334e-01
2.382676174111e-01 -3.987353860483e-01
2.382676174111e-01 -1.608429565039e-01
2.382676174111e-01 1.756904395943e-02
2.382676174111e-01 1.538582235877e-01
2.382676174111e-01 2.597103798310e-01
2.382676174111e-01 3.431553314659e-01
2.382676174111e-01 4.098190468557e-01
2.382676174111e-01 4.637156431422e-01
2.382676174111e-01 5.077580372861e-01
2.382676174111e-01 5.440934677476e-01
2.382676174111e-01 5.743279623272e-01
2.382676174111e-01 5.996790886929e-01
2.382676174111e-01 6.210815751827e-01
2.382676174111e-01 6.392614439083e-01
2.382676174111e-01 6.547887769153e-01
2.382676174111e-01 6.681157696814e-01
2.382676174111e-01 6.796045139019e-01
2.382676174111e-01 6.895475173822e-01
2.382676174111e-01 6.981830253675e-01
2.382676174111e-01 7.057065782028e-01
2.382676174111e-01 7.122798147044e-01
2.382676174111e-01 7.180372393678e-01
2.382676174111e-01 7.230914697957e-01
2.382676174111e-01 7.275373394290e-01
2.382676174111e-01 7.314551306377e-01
2.382676174111e-01 7.349131417076e-01
2.382676174111e-01 7.379697396317e-01
2.382676174111e-01 7.406750130050e-01
2.382676174111e-01 7.430721116971e-01
2.382676174111e-01 7.451983395076e-01
-2.361541715619e-01 7.470860507356e-01
-2.361541715619e-01 7.487633901056e-01
-2.361541715619e-01 7.502549067955e-01
-2.361541715619e-01 7.219705455363e-01
-2.361541715619e-01 6.551624323025e-01
-2.361541715619e-01 5.631116722834e-01
-2.361541715619e-01 4.513001256772e-01
-2.361541715619e-01 3.231809094703e-01
-2.361541715619e-01 1.815812677063e-01
-2.361541715619e-01 2.915094583272e-02
-2.361541715619e-01 -1.315036244659e-01
-2.361541715619e-01 -2.978181522790e-01
-2.361541715619e-01 -4.673239292850e-01
-2.361541715619e-01 -6.377146358361e-01
-2.361541715619e-01 -8.069052559298e-01
-2.361541715619e-01 -9.730739046458e-01
-2.361541715619e-01 -1.134684423992e+00
-2.361541715619e-01 -1.290491380449e+00
-2.361541715619e-01 -1.439530814852e+00
-2.361541715619e-01 -1.581100584721e+00
-2.361541715619e-01 -1.714733947379e+00
-2.361541715619e-01 -1.840169506037e+00
-2.361541715619e-01 -1.957319993461e+00
-2.361541715619e-01 -2.066241722614e+00
-2.361541715619e-01 -2.167105956963e+00
-2.361541715619e-01 -2.260172973793e+00
-2.361541715619e-01 -2.345769218013e+00
-2.361541715619e-01 -2.424267664932e+00
-2.361541715619e-01 -2.496071315034e+00
-2.361541715619e-01 -2.561599616429e+00
-2.361541715619e-01 -2.621277536250e+00
-2.361541715619e-01 -2.675526967021e+00
-2.361541715619e-01 -2.724760146652e+00
-2.361541715619e-01 -2.769374781802e+00
-2.361541715619e-01 -2.809750587034e+00
-2.361541715619e-01 -2.846246981088e+00
-2.361541715619e-01 -2.879201713093e+00
-2.361541715619e-01 -2.908930223066e+00
-2.361541715619e-01 -2.935725571010e+00
-2.361541715619e-01 -2.959858796413e+00
5.568385592461e-01 -2.981579594427e+00
5.568385592461e-01 -3.001117216400e+00
5.568385592461e-01 -3.018681520823e+00
5.568385592461e-01 -2.487925741415e+00
5.568385592461e-01 -1.633446371851e+00
5.568385592461e-01 -9.349490443864e-01
5.568385592461e-01 -4.382155117529e-01
5.568385592461e-01 -9.444095862282e-02
5.568385592461e-01 1.453092936873e-01
5.568385592461e-01 3.156682658650e-01
5.568385592461e-01 4.393255959045e-01
5.568385592461e-01 5.309750584963e-01
5.568385592461e-01 6.002300463639e-01
5.568385592461e-01 6.534924324926e-01
5.568385592461e-01 6.951105198455e-01
5.568385592461e-01 7.280964834440e-01
5.568385592461e-01 7.545764871392e-01
5.568385592461e-01 7.760779547783e-01
5.568385592461e-01 7.937163099499e-01
5.568385592461e-01 8.083185976800e-01
5.568385592461e-01 8.205067654691e-01
5.568385592461e-01 8.307547030399e-01
5.568385592461e-01 8.394279207664e-01
5.568385592461e-01 8.468115558109e-01
5.568385592461e-01 8.531304110439e-01
5.568385592461e-01 8.585634777429e-01
5.568385592461e-01 8.632545875940e-01
5.568385592461e-01 8.673203142693e-01
5.568385592461e-01 8.708558973505e-01
5.568385592461e-01 8.739397283148e-01
5.568385592461e-01 8.766367799639e-01
5.568385592461e-01 8.790012517813e-01
5.568385592461e-01 8.810786279467e-01
5.568385592461e-01 8.829072914457e-01
5.568385592461e-01 8.845197998414e-01
5.568385592461e-01 8.859439010910e-01
5.568385592461e-01 8.872033480976e-01
5.568385592461e-01 8.883185562946e-01
5.568385592461e-01 8.893071379485e-01
5.568385592461e-01 8.901843389880e-01
3.856652488865e-01 8.909633982601e-01
3.856652488865e-01 8.916558446697e-01
3.856652488865e-01 8.922717442773e-01
3.856652488865e-01 8.914983237622e-01
3.856652488865e-01 8.893740942365e-01
3.856652488865e-01 8.868989374070e-01
3.856652488865e-01 8.844342117863e-01
3.856652488865e-01 8.821069711702e-01
3.856652488865e-01 8.799562083767e-01
3.856652488865e-01 8.779877003396e-01
3.856652488865e-01 8.761948646710e-01
3.856652488865e-01 8.745667561899e-01
3.856652488865e-01 8.730911638750e-01
3.856652488865e-01 8.717558291779e-01
3.856652488865e-01 8.705489349606e-01
3.856652488865e-01 8.694593037864e-01
3.856652488865e-01 8.684764746128e-01
3.856652488865e-01 8.675907244843e-01
3.856652488865e-01 8.667930626935e-01
3.856652488865e-01 8.660752097116e-01
3.856652488865e-01 8.654295671000e-01
3.856652488865e-01 8.648491820006e-01
3.856652488865e-01 8.643277085401e-01
3.856652488865e-01 8.638593677822e-01
3.856652488865e-01 8.634389074081e-01
3.856652488865e-01 8.630615619831e-01
3.856652488865e-01 8.627230144267e-01
3.856652488865e-01 8.624193591120e-01
3.856652488865e-01 8.621470668790e-01
3.856652488865e-01 8.619029521305e-01
3.856652488865e-01 8.616841420959e-01
3.856652488865e-01 8.614880482795e-01
3.856652488865e-01 8.613123400673e-01
3.856652488865e-01 8.611549204245e-01
3.856652488865e-01 8.610139035995e-01
3.856652488865e-01 8.608875947273e-01
3.856652488865e-01 8.607744712206e-01
3.856652488865e-01 8.606731658295e-01
3.856652488865e-01 8.605824512515e-01
3.856652488865e-01 8.605012261730e-01
2.758380358461e-01 8.604285026296e-01
2.758380358461e-01 8.603633945744e-01
2.758380358461e-01 8.603051075530e-01
2.758380358461e-01 8.582390711552e-01
2.758380358461e-01 8.541699126217e-01
2.758380358461e-01 8.495931034138e-01
2.758380358461e-01 8.450583272715e-01
2.758380358461e-01 8.407644759054e-01
2.758380358461e-01 8.367760592847e-01
2.758380358461e-01 8.331053963974e-01
2.758380358461e-01 8.297444144413e-01
2.758380358461e-01 8.266771359069e-01
2.758380358461e-01 8.238846987337e-01
2.758380358461e-01 8.213474606455e-01
2.758380358461e-01 8.190459408925e-01
2.758380358461e-01 8.169612779129e-01
2.758380358461e-01 8.150754690512e-01
2.758380358461e-01 8.133715001785e-01
2.758380358461e-01 8.118334119132e-01
2.758380358461e-01 8.104463250530e-01
2.758380358461e-01 8.091964378953e-01
2.758380358461e-01 8.080710036291e-01
2.758380358461e-01 8.070582936428e-01
2.758380358461e-01 8.061475511585e-01
2.758380358461e-01 8.053289385945e-01
2.758380358461e-01 8.045934812879e-01
2.758380358461e-01 8.039330096011e-01
2.758380358461e-01 8.033401009434e-01
2.758380358461e-01 8.028080228427e-01
2.758380358461e-01 8.023306778904e-01
2.758380358461e-01 8.019025511248e-01
2.758380358461e-01 8.015186602281e-01
2.758380358461e-01 8.011745087519e-01
2.758380358461e-01 8.008660424742e-01
2.758380358461e-01 8.005896088992e-01
2.758380358461e-01 8.003419198464e-01
2.758380358461e-01 8.001200170314e-01
2.758380358461e-01 7.999212405033e-01
2.758380358461e-01 7.997431997893e-01
2.758380358461e-01 7.995837475782e-01
-7.901315353765e-01 7.994409557748e-01
-7.901315353765e-01 7.993130937513e-01
-7.901315353765e-01 7.991986086295e-01
-7.901315353765e-01 7.645666309218e-01
-7.901315353765e-01 6.788578440997e-01
-7.901315353765e-01 5.489744189786e-01
-7.901315353765e-01 3.747233164902e-01
-7.901315353765e-01 1.553859924477e-01
-7.901315353765e-01 -1.087887245036e-01
-7.901315353765e-01 -4.161270073831e-01
-7.901315353765e-01 -7.634490074263e-01
-7.901315353765e-01 -1.146211538826e+00
-7.901315353765e-01 -1.558794727188e+00
-7.901315353765e-01 -1.994863477302e+00
-7.901315353765e-01 -2.447744743594e+00
-7.901315353765e-01 -2.910776513258e+00
-7.901315353765e-01 -3.377600634522e+00
-7.901315353765e-01 -3.842386098031e+00
-7.901315353765e-01 -4.299980621057e+00
-7.901315353765e-01 -4.745996067973e+00
-7.901315353765e-01 -5.176837713195e+00
-7.901315353765e-01 -5.589689268970e+00
-7.901315353765e-01 -5.982465688731e+00
-7.901315353765e-01 -6.353744684488e+00
-7.901315353765e-01 -6.702686205625e+00
-7.901315353765e-01 -7.028947214993e+00
-7.901315353765e-01 -7.332597231278e+00
-7.901315353765e-01 -7.614038440060e+00
-7.901315353765e-01 -7.873932783335e+00
-7.901315353765e-01 -8.113137336373e+00
-7.901315353765e-01 -8.332648454859e+00
-7.901315353765e-01 -8.533554588974e+00
-7.901315353765e-01 -8.716997272079e+00
-7.901315353765e-01 -8.884139557221e+00
-7.901315353765e-01 -9.036141056051e+00
-7.901315353765e-01 -9.174138699126e+00
-7.901315353765e-01 -9.299232357039e+00
-7.901315353765e-01 -9.412474518001e+00
-7.901315353765e-01 -9.514863293729e+00
-7.901315353765e-01 -9.607338110828e+00
2.592849274442e-01 -9.690777531702e+00
2.592849274442e-01 -9.765998732423e+00
2.592849274442e-01 -9.833758241991e+00
2.592849274442e-01 -8.322175054477e+00
2.592849274442e-01 -5.908338135085e+00
2.592849274442e-01 -3.971900864326e+00
2.592849274442e-01 -2.622296650159e+00
2.592849274442e-01 -1.706058590148e+00
2.592849274442e-01 -1.078234475073e+00
2.592849274442e-01 -6.391712869689e-01
2.592849274442e-01 -3.249978925455e-01
2.592849274442e-01 -9.511162208538e-02
2.592849274442e-01 7.662045348614e-02
2.592849274442e-01 2.073465802503e-01
2.592849274442e-01 3.085592507174e-01
2.592849274442e-01 3.881226263053e-01
2.592849274442e-01 4.515255552365e-01
2.592849274442e-01 5.026705317845e-01
2.592849274442e-01 5.443802666898e-01
2.592849274442e-01 5.787292471126e-01
2.592849274442e-01 6.072647632099e-01
2.592849274442e-01 6.311568185671e-01
2.592849274442e-01 6.513014673396e-01
2.592849274442e-01 6.683931356644e-01
2.592849274442e-01 6.829759597422e-01
2.592849274442e-01 6.954807161232e-01
2.592849274442e-01 7.062517206775e-01
2.592849274442e-01 7.155666515598e-01
2.592849274442e-01 7.236513191970e-01
2.592849274442e-01 7.306907860378e-01
2.592849274442e-01 7.368378205576e-01
2.592849274442e-01 7.422193844096e-01
2.592849274442e-01 7.469416542414e-01
2.592849274442e-01 7.510939417585e-01
2.592849274442e-01 7.547517781624e-01
2.592849274442e-01 7.579793595520e-01
2.592849274442e-01 7.608314997662e-01
2.592849274442e-01 7.633552007118e-01
2.592849274442e-01 7.655909234940e-01
2.592849274442e-01 7.675736239043e-01
-5.982244453385e-01 7.693336010890e-01
-5.982244453385e-01 7.708971971624e-01
-5.982244453385e-01 7.722873771590e-01
-5.982244453385e-01 7.365185267397e-01
-5.982244453385e-01 6.475440280367e-01
-5.982244453385e-01 5.149384842185e-01
-5.982244453385e-01 3.403240329709e-01
-5.982244453385e-01 1.244318299651e-01
-5.982244453385e-01 -1.313438137950e-01
-5.982244453385e-01 -4.245042530823e-01
-5.982244453385e-01 -7.513875194496e-01
-5.982244453385e-01 -1.107314929301e+00
-5.982244453385e-01 -1.486856176941e+00
-5.982244453385e-01 -1.884145948343e+00
-5.982244453385e-01 -2.293200351485e+00
-5.982244453385e-01 -2.708197923070e+00
-5.982244453385e-01 -3.123705348712e+00
-5.982244453385e-01 -3.534840473701e+00
-5.982244453385e-01 -3.937374084770e+00
-5.982244453385e-01 -4.327777522440e+00
-5.982244453385e-01 -4.703226036176e+00
-5.982244453385e-01 -5.061568632078e+00
-5.982244453385e-01 -5.401274658221e+00
-5.982244453385e-01 -5.721366087621e+00
-5.982244453385e-01 -6.021342818910e+00
-5.982244453385e-01 -6.301106614526e+00
-5.982244453385e-01 -6.560887718957e+00
-5.982244453385e-01 -6.801176842649e+00
-5.982244453385e-01 -7.022664097423e+00
-5.982244453385e-01 -7.226185623832e+00
-5.982244453385e-01 -7.412678034838e+00
-5.982244453385e-01 -7.583140377465e+00
-5.982244453385e-01 -7.738603046388e+00
-5.982244453385e-01 -7.880102934165e+00
-5.982244453385e-01 -8.008664040325e+00
-5.982244453385e-01 -8.125282759338e+00
-5.982244453385e-01 -8.230917104848e+00
-5.982244453385e-01 -8.326479188686e+00
-5.982244453385e-01 -8.412830346470e+00
-5.982244453385e-01 -8.490778379013e+00
4.174719641066e-02 -8.561076454913e+00
4.174719641066e-02 -8.624423291113e+00
4.174719641066e-02 -8.681464293180e+00
4.174719641066e-02 -7.785476808870e+00
4.174719641066e-02 -6.225963877211e+00
4.174719641066e-02 -4.829258856682e+00
4.174719641066e-02 -3.739824784274e+00
4.174719641066e-02 -2.917541292191e+00
4.174719641066e-02 -2.296883180827e+00
4.174719641066e-02 -1.823277343467e+00
4.174719641066e-02 -1.456796889646e+00
4.174719641066e-02 -1.169162150836e+00
4.174719641066e-02 -9.403753567902e-01
4.174719641066e-02 -7.561600120388e-01
4.174719641066e-02 -6.061865957265e-01
4.174719641066e-02 -4.828730994004e-01
4.174719641066e-02 -3.805746950645e-01
4.174719641066e-02 -2.950314896817e-01
4.174719641066e-02 -2.229875003980e-01
4.174719641066e-02 -1.619242098621e-01
4.174719641066e-02 -1.098717221761e-01
4.174719641066e-02 -6.527316566534e-02
4.174719641066e-02 -2.688611461219e-02
4.174719641066e-02 6.289921964458e-03
4.174719641066e-02 3.506743128637e-02
4.174719641066e-02 6.011143003259e-02
4.174719641066e-02 8.197023051258e-02
4.174719641066e-02 1.010990126133e-01
4.174719641066e-02 1.178780445502e-01
4.174719641066e-02 1.326268862926e-01
4.174719641066e-02 1.456155504679e-01
4.174719641066e-02 1.570733397278e-01
4.174719641066e-02 1.671958955280e-01
4.174719641066e-02 1.761508596542e-01
4.174719641066e-02 1.840824519657e-01
4.174719641066e-02 1.911151955543e-01
4.174719641066e-02 1.973569667179e-01
4.174719641066e-02 2.029015068016e-01
4.174719641066e-02 2.078305024842e-01
4.174719641066e-02 2.122153179082e-01
